0 0.36074373828125 0.018920841796875053 0.26767910234298414 0.004160670050995172 0.23940461891041775 0.18243464628225634 0.3324692548486836 0.1971948180281362
0 0.48388982226562505 0.044814050781250066 0.38797211923697644 0.02874790381378447 0.3578553322546438 0.20855038139588455 0.4537730352832924 0.22461652836335017
0 0.618611013671875 0.053943128906250096 0.5205399366442169 0.0332973967204606 0.4819463038317169 0.2166243478923356 0.580017380859375 0.23727008007812508
0 0.76522276171875 0.0756164433593751 0.664979921818196 0.0536504673564578 0.6248668358806959 0.23670855915333278 0.72510967578125 0.25867453515625005
15 0.3813564065477896 0.2358845823567285 0.2876863042273182 0.21386996145034254 0.24647778635140366 0.38920825604673903 0.340147888671875 0.41122287695312504
15 0.5213455860715723 0.2590298844586273 0.423977275390625 0.23796229687500003 0.3858163631471777 0.41433102179137277 0.483184673828125 0.4353986093750001
15 0.6683016523437503 0.2831324199218751 0.5681452217682785 0.2646006748034127 0.5348258018464035 0.44467838183466274 0.6349822324218752 0.46321012695312513
14 0.4095761014216912 0.45732165100121214 0.31509211888258776 0.4423363711340821 0.2869515565233966 0.6197659838047449 0.38143553906250005 0.634751263671875
14 0.5721618627863145 0.47786942317531944 0.4761000938295358 0.4571282850065118 0.4371263736213463 0.6376335434718176 0.5331881425781251 0.6583746816406252
7 0.25192631942549526 0.6486864571189206 0.12035255468750003 0.6179661582031251 0.09205245401200482 0.7391743143654544 0.22362621875000008 0.76989461328125
7 0.7103791846845438 0.7345526212578178 0.5684113452795054 0.7084578679818975 0.5434907797355867 0.8440375689897046 0.685458619140625 0.870132322265625