0 0.20958757028580657 0.28813868135698256 0.17013779101562504 0.11001355078125001 0.07756734768294346 0.13051533817426741 0.117017126953125 0.30864046875
0 0.3607262476283477 0.2623513125931235 0.32792415625 0.07952668164062499 0.23206846135602727 0.09672495107875148 0.264870552734375 0.27954958203125
0 0.5007380990046166 0.22690944902227667 0.46871061328125 0.038962298828125005 0.3726150258939576 0.055337647163791366 0.40464251161732423 0.24328479735794303
0 0.6560567170339654 0.19628967694976185 0.6266883261718749 0.004293283203125012 0.5244276931222843 0.01993540117523819 0.5537960839843749 0.21193179492187503
15 0.30774700025390944 0.4897188188600854 0.274514798828125 0.30936137890625 0.18176262474609062 0.3264516577024147 0.21499482617187501 0.5068090976562502
15 0.4546357421875 0.45442925390625 0.4268573515625 0.27340670703125003 0.3307676557058112 0.288151926080608 0.3585460463308112 0.469174472955608
15 0.6210352608301134 0.42234359190652737 0.5849781015625 0.23975546679687504 0.4869176922948865 0.2591202518434727 0.5229748515624999 0.44170837695312504
14 0.574772880859375 0.649484509765625 0.545465634765625 0.468675896484375 0.44877721467236137 0.48434811071501754 0.4780844607661113 0.6651567239962675
7 0.31786465523832536 0.8500446141760521 0.29539703320312505 0.7240716191406251 0.16608832327729967 0.747134174886448 0.18855594531249997 0.873107169921875
7 0.8033183164062498 0.7898253261718751 0.7819949178114631 0.6587291106810624 0.6400691240010269 0.6818139896836415 0.6613925225958136 0.8129102051744541
6 0.7991768190757289 0.5519951782574168 0.7750222519531251 0.516410861328125 0.7490011027992713 0.5340739682269583 0.7731556699218751 0.5696582851562502
17 0.47446784338090653 0.39431799993814803 0.4473842357560939 0.3930786914100458 0.44560543729706237 0.43195220709689786 0.4726890449218751 0.4331915156250001
5 0.42173030468750006 0.48087169531250007 0.4207361442815804 0.44654700222352206 0.39245836910805676 0.44736602322313124 0.3934525295139764 0.48169071631210925
11 0.3607252046820932 0.8078150848962091 0.3261898126676716 0.8029945091395988 0.3195963643821629 0.850231049495719 0.35413175639658445 0.8550516252523294
17 0.3488090490627353 0.7836486861357324 0.3454667869558531 0.7299269386606414 0.31160381375465857 0.7320337005862321 0.3149460758615408 0.785755448061323
12 0.20315013914112345 0.28315441487178794 0.16238764257812505 0.27109591601562505 0.15253411485792026 0.30440473783659144 0.1932966114209187 0.31646323669275433
14 0.4222373046875 0.706245380859375 0.38734984213171647 0.5272386597012162 0.29178961947546656 0.5458628413418412 0.32667708203125 0.7248695625
1 0.2767257142127224 0.7896114321977311 0.26506986328124993 0.75222840234375 0.22761155331312113 0.763907725256815 0.2392674042445936 0.8012907551107962
18 0.31626218737991274 0.8217017339264527 0.2833266653139696 0.8196333301855775 0.28050357180102525 0.864585897642478 0.3134390938669684 0.8666543013833532
20 0.2094170692114477 0.5275675634769159 0.19011764724021912 0.4876799456537248 0.15752727685501738 0.503448631391005 0.17682669882624594 0.5433362492141962
1 0.5077881698839791 0.39687412658220644 0.48476789453125 0.36396452929687506 0.4598536837646897 0.38139202885177803 0.48287395911741887 0.4143016261371094
9 0.7154267205406618 0.5943468013537172 0.6812692354139263 0.5914135470462463 0.6772916887013896 0.6377317242081542 0.7114491738281251 0.6406649785156251
13 0.3502245532249101 0.6107688651054385 0.3196173348724983 0.5892173006251552 0.29675578171177475 0.6216849458444011 0.3273630000641864 0.6432365103246843
10 0.4187128686686351 0.7601473549577179 0.39749096043191756 0.7345958991016582 0.36347282027890737 0.7628498605501903 0.3846947285156249 0.78840131640625