0 0.34499157031249994 0.018146208984375058 0.2522241587564703 0.00016515093949333315 0.21827991164499053 0.17528943638978992 0.3110473232010202 0.19327049443467165
0 0.49322090820312503 0.03919908398437507 0.39818050381483133 0.020571433345962724 0.36285961898886526 0.20078262811090142 0.45790002337715896 0.21941027874931376
0 0.6484372773437501 0.06093382617187508 0.5508509342738978 0.040067649603930736 0.5121641517428502 0.2209968974731052 0.6097504948127026 0.24186307404104954
0 0.7936721718750002 0.08124010351562512 0.6933136095401565 0.05886645982831133 0.6517733369098023 0.2451982928745151 0.752131899244646 0.26757193656182887
15 0.3828051191406251 0.2332722617187501 0.2884936736632349 0.21490268466227702 0.25379924252442787 0.39302774114329436 0.3481106880018181 0.41139731819976744
15 0.5322832617187501 0.25569764843750004 0.4373081869451971 0.23497144540002662 0.3982467357733221 0.41396536141565166 0.49322181054687503 0.4346915644531251
15 0.7009806582031252 0.2871547636718751 0.6018096398972869 0.263748438034662 0.5595039856004118 0.4429946333471621 0.6586750039062501 0.46640095898437517
14 0.4059042734375001 0.45957425390625006 0.31207451706686 0.4404062875787372 0.27600315039062506 0.616980447265625 0.3698329067612651 0.6361484135931379
14 0.5663698593750001 0.49534203515625014 0.46953455392974075 0.4775982205812167 0.43572594140625015 0.66210574609375 0.5325612468515094 0.6798495606687833
7 0.7021159271737062 0.7402384547674488 0.5600131582031251 0.7026367480468753 0.525809799388794 0.8318966253106769 0.6679125683593751 0.8694983320312504
7 0.22685065625000006 0.622750595703125 0.09541204946914056 0.5976748014942254 0.07168637683784956 0.7220365397353575 0.20312498361870907 0.7471123339442571
19 0.25113837820365326 0.8325801602022972 0.23046201367187502 0.8092034492187499 0.19135793820259678 0.8437904413602026 0.212034302734375 0.8671671523437499
5 0.41473244858777625 0.5511942043338196 0.3957606098546535 0.5311506295324452 0.3667968741575022 0.5585656654330007 0.385768712890625 0.578609240234375
18 0.70749300705241 0.963576931032134 0.6726647818507061 0.9579130582579792 0.6659439356579384 0.9992408129730664 0.7007721608596424 1.0049046857472212
4 0.34724969248342075 0.39793800230570775 0.3159200893775343 0.392615704283044 0.3099362698675033 0.42783934067248186 0.34126587297338973 0.4331616386951457
21 0.40746156814875556 0.9608951950196061 0.38245505924222745 0.9377992112800967 0.3528014690511808 0.9699057790533686 0.37780797795770893 0.993001762792878
6 0.6506430217695098 0.736637275476716 0.623104783395396 0.7187060725393227 0.6003887362352613 0.753592740421982 0.6279269746093751 0.7715239433593752