0 0.20441803883484416 0.2935228244544751 0.16169684570312498 0.115055185546875 0.06949052171203082 0.13712733374864994 0.11221171484375 0.31559497265625003
0 0.3544702667653922 0.25514581722054047 0.31535279296874996 0.07405217382812501 0.22136067457930644 0.09435511853294143 0.2604781483759486 0.2754487619253569
0 0.4957433150974108 0.224192842190731 0.4571375859375 0.03701335937500001 0.36070631576196416 0.05690228866864398 0.399312044921875 0.244081771484375
0 0.6463906880388315 0.19014086288175425 0.6096799343004261 -0.0012578924208455772 0.5094417150115946 0.01796804547865019 0.54615246875 0.20936680078125
15 0.3078814076141311 0.48939132680240705 0.27106111328125004 0.312309634765625 0.17851952299183982 0.33155164986779156 0.21533981732472085 0.5086333419045737
15 0.45167957421875005 0.45140514257812503 0.42002670117187507 0.27621654687499997 0.3243321460908759 0.2935065285150664 0.3559850191377508 0.46869512421819143
15 0.61103568359375 0.416790935546875 0.57841643359375 0.23550530078124998 0.47967205319280837 0.25327266351000477 0.5122913031928085 0.4345582982756298
14 0.413560400390625 0.679310294921875 0.38158484765625 0.50208881640625 0.28900922873940615 0.518791964407196 0.3209847814737812 0.696013442922821
14 0.574761734375 0.646486888671875 0.544751103515625 0.46687114257812506 0.4480834641145819 0.48302260426900423 0.47809409497395694 0.6626383503627542
7 0.324196790290216 0.849662029528135 0.297331951171875 0.7248015781250001 0.16808923510040902 0.7526093005499903 0.19495407421874997 0.8774697519531252
7 0.8070853222656249 0.7815592148437502 0.7825074958891053 0.6510470910957523 0.64216779296875 0.6774756308593752 0.6667456193452697 0.8079877546073732
1 0.860494380859375 0.8178903828125 0.8544574870255446 0.7718232084514248 0.8204516372649093 0.7762795205127004 0.8264885310987398 0.8223466948737757
18 0.26174036226528674 0.5258516354381213 0.25691035093076725 0.482216781767727 0.22372941050969555 0.48588963282239955 0.22855942184421502 0.5295244864927939
10 0.5684634846247429 0.7367376682097238 0.5411379993306528 0.7339493175884595 0.536350528377785 0.7808659306287358 0.5636760136718751 0.78365428125
3 0.8346237886139187 0.3207196488527624 0.8093392890625 0.29267748632812507 0.7753777934173314 0.32329921247536275 0.80066229296875 0.35134137500000007
13 0.37050668830819095 0.4337444074838357 0.3342767982607084 0.40622610552477545 0.31269280078134193 0.4346430426099913 0.3489226908288245 0.46216134456905156
5 0.5331566758972129 0.6723916837798184 0.5327799449048266 0.6263673061682254 0.5066835794485154 0.6265809170884861 0.5070603104409017 0.672605294700079