15 0.3215895359572999 0.4897957178005839 0.295226296875 0.307471484375 0.20118618279270012 0.3210692489962911 0.227549421875 0.503393482421875
15 0.470267564453125 0.44145840820312493 0.442588888671875 0.2603548203125 0.3464944111222695 0.27504126534345363 0.37417308690351947 0.45614485323407855
14 0.5948508606665489 0.6562351217113916 0.5602923359375002 0.471866583984375 0.46352997527095124 0.49000397594485834 0.4980885 0.674372513671875
7 0.78917624609375 0.784781927734375 0.7708503586034164 0.6485426013102201 0.6279170084547535 0.6677689184257783 0.6462428959450871 0.8040082448499333
7 0.3112774183351221 0.8371141887406919 0.288982998046875 0.7124855234375002 0.1573881031492529 0.7360261100874332 0.1796825234375 0.860654775390625
0 0.21371206110161062 0.282510960206055 0.182480728515625 0.10467883007812498 0.0895733685858894 0.12099545776269503 0.120804701171875 0.298827587890625
0 0.35584515130932476 0.2617368464848659 0.32878562890625007 0.07427676562500002 0.23319476671152212 0.08807513307060616 0.2602542891145968 0.27553521393047203
0 0.5097914563990179 0.22385205632584948 0.48033974609375013 0.03597424218749999 0.3810257389134823 0.05154269758040045 0.4104774492187501 0.23942051171874992
0 0.6506681961692411 0.19437636508835107 0.623330689453125 0.0039052890625000114 0.522346584195442 0.018399109926557175 0.5496840909115581 0.20887018595240825
15 0.6363279353625807 0.41333949350473786 0.6089313105468751 0.22852795312500002 0.5088728986217944 0.24336069985463715 0.5362695234375 0.428172240234375
14 0.42745591519493464 0.67481419977695 0.3961352246093749 0.49616825976562495 0.2986692137113153 0.5132562650668 0.32998990429687497 0.691902205078125
18 0.16885821674574375 0.2828484332784822 0.12800287109375003 0.275140458984375 0.12125149614488136 0.3109254456277679 0.16210684179687507 0.3186334199218751
3 0.6262613464681798 0.5865291381812104 0.601082638671875 0.5508173183593751 0.5754313707072836 0.5689028089310502 0.6006100785035883 0.6046146287528855
20 0.10082277339726131 0.8069057736268593 0.060708773939154505 0.8043681984926943 0.05700811243671954 0.8628682726401175 0.09712211189482634 0.8654058477742825
4 0.5628109110339058 0.696784483233497 0.545849259765625 0.658143005859375 0.5172908741223443 0.670678690594628 0.534252525390625 0.70932016796875
4 0.5997264507944815 0.4265732102156716 0.5931540232823078 0.385919344717196 0.5658046564722014 0.3903408610640245 0.572377083984375 0.43099472656250004
18 0.5046946446872169 0.7864351118250745 0.493343955078125 0.743365919921875 0.46256312449726533 0.7514780678028624 0.47391381410635736 0.794547259706062
6 0.48118463479820534 0.9355805086705294 0.47504106735432816 0.8855451543813895 0.4451723203065555 0.8892125744398486 0.4513158877504327 0.9392479287289885
21 0.6655052136639532 0.6590694202222106 0.6615407666839375 0.6187397867692483 0.6323195957031249 0.621612259765625 0.6362840426831406 0.6619418932185872
2 0.4090631379726513 0.4544283601761706 0.3872903170664409 0.42677859586629785 0.3580694662031646 0.44978856967450237 0.379842287109375 0.47743833398437513
17 0.43613156044964174 0.19438326223551983 0.4156520488281249 0.14860649218750005 0.38787902408621355 0.16103152747002436 0.4083585357077304 0.20680829751804414
3 0.288032021484375 0.38816733203125003 0.28360245866938166 0.34485140743591414 0.248943025390625 0.3483957421875001 0.25337258820561837 0.391711666782836
18 0.13407938189082905 0.6907775677892778 0.11387423740459154 0.6509586306790032 0.07724124989179193 0.6695471430646758 0.09744639437802943 0.7093660801749502