0 0.2291576067606072 0.2636337673495114 0.205382576171875 0.082748181640625 0.11137754363001777 0.0951039064786137 0.13515257421875 0.2759894921875001
0 0.38196867517725513 0.2511171307560954 0.36522562109374995 0.0661293125 0.26823575646336983 0.07490776377515466 0.284978810546875 0.25989558203125
0 0.5245366996163469 0.22801296952086483 0.50901176171875 0.037989636718749976 0.4118546420077327 0.0459273895598376 0.42737957990532954 0.23595072236195244
0 0.6819329726197535 0.2110466256304046 0.66940992578125 0.017221212890625004 0.5661751250364965 0.023891206400845424 0.578698171875 0.217716619140625
15 0.30937464365841794 0.473001987372871 0.291988087890625 0.290434486328125 0.19809934852908212 0.299375846611504 0.21548590429687503 0.48194334765625
15 0.458780119140625 0.450648908203125 0.446884587890625 0.26789416015625 0.3498754120644189 0.27420850052174023 0.3617709433144189 0.4569632485686152
15 0.6273428866470869 0.43318801540341123 0.6073365390625 0.24815210546875 0.507961527415413 0.2588966740497138 0.527967875 0.443932583984375
14 0.5614599140625 0.6554325625 0.54802269921875 0.4727576855468749 0.4503362830378921 0.47994331163532156 0.46377349788164196 0.6626181885884467
7 0.2880493373460026 0.8328384482135168 0.27664648046875007 0.705386634765625 0.1458197954664975 0.7170914345989833 0.15722265234375 0.8445432480468751
7 0.7769041582031249 0.8151583867187498 0.7670876897536814 0.6827025754736258 0.6236899866889727 0.6933299614269106 0.6335064551384162 0.8257857726720347
6 0.7935066826142065 0.577872298353857 0.7725454101562499 0.5403181816406251 0.7450838369170434 0.5556461821148931 0.766045109375 0.5932002988281251
17 0.4837757948915882 0.3924948774113456 0.45690326099444 0.38889979264461005 0.4517431809466018 0.4274703507801395 0.47861571484375 0.43106543554687504
5 0.42569650160881145 0.43984210453279404 0.39745494899976563 0.43819344034413554 0.3954537345003293 0.4724741658894665 0.42369528710937504 0.474122830078125
11 0.33442733391044466 0.7945051563899721 0.30044350083989313 0.7866929670493421 0.2897582071566018 0.8331751016993846 0.3237420402271533 0.8409872910400147
17 0.3257119751637357 0.7154413195560883 0.29177812376786566 0.714836242023906 0.29081708153201147 0.7687332431222857 0.3247509329278815 0.7693383206544679
12 0.22317908003611087 0.2581074069542736 0.18362266601562502 0.242542109375 0.17090357901365716 0.2748653893412223 0.210459993034143 0.29043068692049584
14 0.40455774609375 0.6986830898437502 0.3850099140625 0.5173585722656251 0.2882128265774929 0.5277938583071603 0.3077606586087429 0.7091183758852854
1 0.2523340416572945 0.7690497359955106 0.243980689453125 0.7307930859375 0.20564699967016606 0.7391632597911143 0.21400035187433558 0.7774199098491249
18 0.2889232112832111 0.8044637566716131 0.2562932930395613 0.7995327043713463 0.24956306830947675 0.8440681644175045 0.2821929865531265 0.8489992167177713
20 0.2081201531139574 0.50213668697861 0.19237060484738605 0.46071879988454006 0.15852992048952114 0.47358704423649084 0.17427946875609246 0.5150049313305608
1 0.5167465463698442 0.39794533560882844 0.49668213085937507 0.36315461914062497 0.4703438166317657 0.3783443862438991 0.4904082321422349 0.41313510271210263
9 0.7063840910908277 0.6127634589353836 0.6726122354841823 0.6068643458483252 0.6646129295496047 0.6526596037098169 0.6983847851562501 0.6585587167968752
13 0.33970307516320924 0.5897045027099423 0.3105473031907701 0.5727690444074734 0.2891624896602958 0.6095847440969673 0.3183182616327349 0.6265202023994362
10 0.396348856009771 0.7520727730034014 0.37743465888335065 0.7247689382650254 0.34108347279545465 0.749950510964749 0.359997669921875 0.7772543457031249