0 0.2731734673757184 0.23864343876224217 0.26376483984375 0.05838658007812499 0.16966507855935337 0.0632981801760914 0.17907370609132175 0.2435550388602086
0 0.5236441875 0.22637481054687503 0.523278640625 0.03902992578125 0.42305816409327546 0.03922547572675833 0.42342371096827547 0.22657036049238335
0 0.671192705078125 0.02974733007812508 0.5685734291704734 0.029103021594665258 0.5673968276079734 0.21650083409466525 0.670016103515625 0.2171451425781251
15 0.3290363724563357 0.2663235286967207 0.2328360872780595 0.2642650890301702 0.22898295505609886 0.44433955252094953 0.32518324023437506 0.44639799218750004
15 0.47077863073346365 0.2598576639494952 0.37115785156250003 0.25949446289062505 0.3704999649696614 0.4399432071442549 0.47012074414062505 0.44030640820312505
15 0.624383501953125 0.435949689453125 0.61953455078125 0.25287961718749996 0.5177138119871015 0.2555765287284573 0.5225627631589765 0.43864660099408237
14 0.41204282031249995 0.6564575625 0.40267875329064684 0.4770544617956395 0.30714385722997967 0.4820409707585591 0.3165079242518328 0.6614440714629195
7 0.28826097760854447 0.697014719999294 0.15317530664062512 0.69432145703125 0.15069422356333081 0.8187648464069561 0.28577989453125013 0.8214581093750001
7 0.7583607402343748 0.8234850273437497 0.7553184256084395 0.6856796848500292 0.6108358121978738 0.6888694129114965 0.613878126823809 0.8266747554052171
16 0.5304750196360006 0.7603429263223069 0.508078587890625 0.7313404707031251 0.4744757440358744 0.7572894389120685 0.49687217578125004 0.7862918945312503
4 0.2918351050230675 0.43447561752460767 0.256605091796875 0.42820340039062493 0.2497031665825786 0.4669703804539343 0.2849331798087711 0.47324259758791704
14 0.5696205736662125 0.4772000010974096 0.470345154317473 0.4752022341415002 0.4666181138543855 0.6604107760128405 0.5658935332031251 0.66240854296875
0 0.3980727012797321 0.2560776831854291 0.390913029296875 0.07350653125 0.2929778078144551 0.07734713834454571 0.3001374797973122 0.2599182902799748
5 0.3601748995848408 0.4720226747001439 0.325578185546875 0.45770776757812504 0.3126467742432843 0.48896080576860623 0.34724348828125007 0.5032757128906251
17 0.39364497356659117 0.3658135107050452 0.35932509375 0.3628509355468751 0.3558527627615338 0.4030760693730799 0.390172642578125 0.40603864453125
19 0.5505627479068054 0.6083816061404415 0.5341301855468751 0.5708687109374999 0.5078545510663457 0.5823787796701894 0.524287113426276 0.6198916748731309
3 0.4832024843750001 0.66014859765625 0.4536481699218751 0.653974416015625 0.44556167135425084 0.6926825291556394 0.4751159858073758 0.6988567107962644