0 0.2951456914062501 0.04298339648437503 0.2009325371936251 0.04131896508009076 0.1977441637789544 0.22179303894736377 0.2919573179915793 0.22345747035164804
0 0.42069696484375 0.05148599218750005 0.3234767515244372 0.048925364024083456 0.3186767273222331 0.23116946472689656 0.4158969406415459 0.23373009289031316
0 0.5553775820312501 0.041776660156250076 0.45538759631743697 0.034980707186278145 0.442683734989312 0.22189473062377812 0.5426737207031251 0.22869068359375005
0 0.7035788554687501 0.042834640625000094 0.6012544998961822 0.035033544322599294 0.5870085565368072 0.2218927904163493 0.6893329121093751 0.2296938867187501
15 0.3457532767143054 0.2549669333313859 0.24993092078800466 0.24620291587697518 0.23352581594869926 0.4255699473893392 0.329348171875 0.43433396484375
15 0.4876012947287134 0.2584042583581694 0.38824852343750005 0.25109274804687504 0.37500477167753665 0.4310560365637057 0.47435754296875 0.4383675468750001
15 0.6364816171875001 0.26181989843750003 0.5347207816646131 0.2574075846122676 0.5267875980708632 0.44036995375289273 0.6285484335937501 0.44478226757812517
14 0.4045164226069425 0.47032156849856477 0.3088664034545458 0.46863175353899394 0.3056931331913534 0.6482510424623041 0.40134315234375006 0.649940857421875
14 0.5683796090260971 0.4680418071056365 0.47036609606975527 0.46087173403903714 0.4568931413405334 0.6450444210740258 0.5549066542968751 0.6522144941406252
7 0.27503371150144806 0.681764635320316 0.14046497460937507 0.66965483203125 0.12930920256105205 0.7936220111640593 0.2638779394531251 0.8057318144531253
7 0.7409752023577112 0.7029908469654159 0.596757297050846 0.6969081521006395 0.590948305630635 0.8346366742758486 0.7351662109375002 0.8407193691406251
16 0.512240178890777 0.7618345750794546 0.49192141210937496 0.731340470703125 0.45659031524984794 0.7548822120299206 0.47690908203125 0.7853763164062502
4 0.29691293345336656 0.42011438367270865 0.26220626757812493 0.41139992382812507 0.25261690710009643 0.4495910149575475 0.28732357297533806 0.458305474802131