0 0.33575684570312503 0.02686825390625005 0.24204726439877125 0.016998937940819383 0.22314167063608714 0.1965083671674095 0.31685125194044095 0.20637768313284016
0 0.5951036503906251 0.0483468125000001 0.4960864622643001 0.0328620172643065 0.46714030992055006 0.2179575621861815 0.5661574980468751 0.2334423574218751
0 0.742648763671875 0.06231735937500009 0.6413936935192047 0.04562779217861587 0.6109161017223297 0.23053436639736585 0.712171171875 0.24722393359375006
15 0.3676962706168981 0.24245587015869047 0.2730023824382867 0.22537373349882267 0.24102683643076372 0.40262841998075727 0.33572072460937513 0.41971055664062507
15 0.5087049324456682 0.2582429839641281 0.410367466796875 0.24230013085937502 0.3814892765387068 0.42042433634837195 0.47982674218749993 0.4363671894531251
15 0.6567210273437503 0.2746214023437501 0.5557319822350864 0.2613568374996648 0.5318827654382113 0.44293155624966485 0.6328718105468752 0.4561961210937501
7 0.2600479444123449 0.6614658614506597 0.1270467207031251 0.6376737011718752 0.10512894816578028 0.7601968572993406 0.2381301718750001 0.783989017578125
7 0.7223664024787546 0.7232207787202232 0.5792274311177859 0.7045918106322867 0.5614367122327814 0.8412899459745636 0.7045756835937501 0.8599189140625001
16 0.4893732156850914 0.7619050155403441 0.47178950390624996 0.7297560546875002 0.4345410538461585 0.7501289063346561 0.4521247656249999 0.7822778671875
4 0.3046482309227516 0.40271816581878206 0.27083315039062505 0.391011984375 0.2579517091581992 0.42822198105378084 0.29176678969032577 0.43992816249756295
14 0.5723301356392085 0.4883717665995965 0.4745894823942252 0.4708684975986699 0.4419353272237667 0.6532137759209483 0.5396759804687501 0.6707170449218749
0 0.45897434765625006 0.06169241210937507 0.3616440691941116 0.05016529172995971 0.34015517470745055 0.23160870651073936 0.43748545316958903 0.24313582689015473
17 0.41594577119262904 0.35082797637204505 0.38251187695312505 0.34253306445312504 0.37278969951049606 0.3817197677685801 0.40622359375000006 0.39001467968750003
19 0.5329856179524225 0.6149570039623945 0.52262367578125 0.5753353359375 0.4948709681879552 0.582593282548796 0.5052329103591277 0.6222149505736906
3 0.458356529296875 0.65554919140625 0.43013193359375 0.6448277109375 0.41608970947887475 0.6817942567023534 0.4443143051819997 0.6925157371711034
16 0.5205463224628977 0.21486795542383047 0.4960341640625 0.20306448437500008 0.47788298222460235 0.2407588746542947 0.502395140625 0.25256234570312514
3 0.3025928886718751 0.44259199218750006 0.2690390712959824 0.4424527503538008 0.26886572414288823 0.48422510111238387 0.3024195415187809 0.4843643429460831
5 0.4249169677604806 0.5266153772675847 0.41561744140625 0.4844560449218751 0.3871546455207694 0.49073438249804047 0.396454171875 0.53289371484375
20 0.323988644453064 0.5755297880884287 0.2907786842482909 0.5682667804898649 0.2812411764423055 0.611876848411606 0.3144511366470786 0.6191398560101697
2 0.5845669373304534 0.9926321962761351 0.5793448632812501 0.9554516113281251 0.5518253353342093 0.9593167740989507 0.5570474093834127 0.9964973590469607
14 0.406260765625 0.465686962890625 0.3119537354233419 0.4590276440614371 0.2990912016866027 0.6411825143559472 0.3933982318882608 0.6478418331851351
21 0.5042514768408071 0.5296387625113564 0.481744654296875 0.4967220976562501 0.4561580583154428 0.5142169738167687 0.47866488085937486 0.547133638671875