0 0.336605669921875 0.020924869140625052 0.24353857483127136 0.004565564980565026 0.2126558391106232 0.1802555866251655 0.3057229342012268 0.19661489078522554
0 0.48517985546875 0.039387578125000065 0.3898288293788521 0.022421447668428816 0.35765844161690746 0.20322163016515335 0.45300946770680534 0.2201877606217246
0 0.6407519082031249 0.05841010937500005 0.5428162623998954 0.03925022801251768 0.5072930239796247 0.22082709844782422 0.6052286697828542 0.2399869798103066
0 0.7863190761718751 0.0761785976562501 0.6855853257184388 0.05555985968793764 0.6473033181101872 0.2425882901957913 0.7480370685636235 0.2632070281641038
15 0.3781679277343751 0.23535821679687505 0.2835502538796746 0.21863739927822956 0.25196981707139854 0.39734083090066247 0.34658749092609903 0.414061648419308
15 0.5280146796875 0.25517143750000004 0.43269235000013984 0.23610593522456363 0.3967607230470148 0.41575430436518857 0.492083052734375 0.434819806640625
15 0.6972353847656251 0.2836795839843751 0.5976709751618028 0.262007597646601 0.5585000435211778 0.441964830068476 0.658064453125 0.4636368164062501
14 0.4052130781250002 0.4612226093750001 0.3110630827886295 0.4436951177469422 0.27807885546875005 0.6208719160156251 0.3722288508051207 0.638399407643683
14 0.569922376953125 0.48869016796875 0.4724394489779675 0.46836167750643104 0.4352699414062501 0.6466037578125001 0.5327528693814075 0.666932248274819
7 0.7062778825826634 0.7366744557455525 0.5635405175781251 0.7015585117187502 0.5315982639017117 0.8313956340981979 0.6743356289062501 0.8665115781250001
7 0.22903455078125012 0.627499013671875 0.09717832979052855 0.6047209595232815 0.07562668325704026 0.7294778263520063 0.20748290424776183 0.7522558805005998
19 0.2569806048295884 0.8368727411163074 0.23589940820312505 0.8138604414062501 0.1974049147016616 0.8491246260711927 0.21848611132812495 0.8721369257812499