0 0.2598059804509858 0.2508728019118585 0.24097633203125 0.071355388671875 0.14726258303823958 0.08118505875114915 0.16609223145797541 0.26070247199113267
0 0.50929134765625 0.22551236328125 0.4991214296875 0.038443359375 0.39904853492390335 0.04388377499377971 0.4092184528926533 0.23095277890002971
0 0.654979623046875 0.208634830078125 0.646346966796875 0.021432259765625 0.5438346070122245 0.026159513039551444 0.5524672632622245 0.21336208335205142
15 0.3226175078124999 0.4556206542968749 0.3170409889118691 0.2755913186609185 0.220864813412937 0.2785704345842518 0.22644133231356783 0.4585997702202082
15 0.467037572265625 0.441951974609375 0.45825059893741515 0.2617160967633998 0.3587473378906251 0.266567142578125 0.3675343112188349 0.44680302042410025
15 0.620860904296875 0.42952773828125007 0.606437451171875 0.24696233203125 0.5048974005296468 0.25498443321039005 0.5193208536546469 0.4375498394603901
14 0.42035171875000005 0.6608464667968751 0.40161125191931074 0.48217930841176093 0.30646825664522837 0.4921588937100455 0.32520872347591767 0.6708260520951597
7 0.30289729296875 0.8322289765625 0.2988629898050173 0.7078262810329798 0.16382058717566716 0.7122056233763808 0.16785489033939985 0.8366083189059009
7 0.774936564453125 0.809520146484375 0.7619828297341839 0.6704357761040752 0.6183624739167806 0.6838119734755815 0.6313162086357217 0.8228963438558813
16 0.5440585517772828 0.7583911952561133 0.52017494140625 0.7306006250000001 0.48797621189459217 0.758272669978262 0.511859822265625 0.7860632402343752
4 0.2886911054272167 0.44545992287849745 0.25318111328125 0.441040099609375 0.24831755513463147 0.4801151714101905 0.28382754728059817 0.48453499467931294
14 0.57430303515625 0.6587373671875 0.5683319016273575 0.4735875887161521 0.46908798110417077 0.47678823365490075 0.4750591146330634 0.6619380121262486
0 0.38544648146465355 0.2617464307939078 0.368741583984375 0.07980019726562501 0.2711415842410598 0.08876107520286382 0.2878464817213383 0.2707073087311466
5 0.35890230532431244 0.47937889769768494 0.3236038203125 0.46689425976562504 0.3123257884256876 0.49878124292731507 0.3476242734375 0.511265880859375
17 0.386767950320193 0.371563600699924 0.35234005664062507 0.37040125000000007 0.3509777059298071 0.4107529832844512 0.38540559960937504 0.41191533398437513
19 0.5561657074470712 0.6055868220956674 0.5377923925781248 0.5689853515625001 0.5121551581480459 0.581854806633328 0.5305284730169921 0.6184562771664953
3 0.49160703515625004 0.6608082343750001 0.4617700917968751 0.6561892656250001 0.4557204991931946 0.6952675451356182 0.4855574425525695 0.6998865138856182