15 0.3781679277343751 0.23535821679687505 0.2835502538796746 0.21863739927822956 0.25196981707139854 0.39734083090066247 0.34658749092609903 0.414061648419308
15 0.5280146796875 0.25517143750000004 0.43269235000013984 0.23610593522456363 0.3967607230470148 0.41575430436518857 0.492083052734375 0.434819806640625
14 0.566278458984375 0.49418442968750004 0.46914822810389856 0.47813332653245455 0.4385648652343751 0.6632027929687501 0.5356950961148516 0.6792538961237955
7 0.7062778825826634 0.7366744557455525 0.5635405175781251 0.7015585117187502 0.5315982639017117 0.8313956340981979 0.6743356289062501 0.8665115781250001
7 0.22903455078125012 0.627499013671875 0.09717832979052855 0.6047209595232815 0.07562668325704026 0.7294778263520063 0.20748290424776183 0.7522558805005998
0 0.33683728710937505 0.01992162695312505 0.24395231072153342 0.00347805352375833 0.21247799414062501 0.18126733789062502 0.3053629705284666 0.19771091131999174
0 0.4847170390625 0.04139225585937505 0.3887461776011704 0.021367032621259975 0.3513360273437501 0.20065513867187507 0.4473068888050797 0.22068036190999013
0 0.6402315605468751 0.057234216796875084 0.5415821963204486 0.03789638855821842 0.50499975390625 0.2245168632812501 0.6036491181326765 0.24385469151990674
0 0.78556732421875 0.07600504101562511 0.6857161261248995 0.055086178744556624 0.6462600338048902 0.2434204217451094 0.7461112318987406 0.2643392840161779
15 0.6952108574218752 0.2821564218750001 0.5961136074995135 0.261872652270947 0.5586487441406252 0.44490889257812505 0.6577459940629868 0.46519266218217814
14 0.40370957031250004 0.46087549609375006 0.306277035948792 0.4435976293964341 0.2746083476562501 0.6221822089843752 0.3720408820199581 0.639460075681691
18 0.26309872125692585 0.18268711764337223 0.22734353515625 0.16147063671875003 0.20876013030557425 0.19278841751287787 0.24451531640625007 0.21400489843750006
3 0.5949814430920313 0.6122079176342692 0.577606064453125 0.58232495703125 0.5431648850329689 0.6023507015063558 0.560540263671875 0.632233662109375
20 0.01481308007812508 0.6433625625 7.879527800014118e-17 0.6433625625 8.192150169435736e-17 0.694417669921875 0.014813080078125084 0.694417669921875
20 0.4867388567429209 0.11410281429164332 0.45700924609375 0.09623630273437506 0.4316112233352041 0.1384982364896068 0.461340833984375 0.15636474804687506
4 0.4917186921078257 0.7063995224753898 0.4889961171874999 0.6642871875 0.45787255593904913 0.6662993349464852 0.4605951308593749 0.708411669921875
4 0.6265070942988998 0.4251545393999566 0.59936658203125 0.4194653710937501 0.5909189889431158 0.45976511114371477 0.6180595012107656 0.4654542794499213