0 0.23809829281520173 0.2526265999578463 0.22556041601562501 0.07468411328125 0.13130013776564148 0.08132571854295478 0.1438380145652182 0.2592682052195511
0 0.3867125806369436 0.23986741928392508 0.37418784765625007 0.056655052734375 0.2775646753545503 0.06326038978458465 0.2900894083352438 0.2464727563341347
0 0.5392000850396904 0.2222533581072361 0.5297407109375 0.03747624804687501 0.43007897820096785 0.042578274013832754 0.43953835230315824 0.22735538407419384
0 0.6833839033270784 0.21023519402981738 0.6752825 0.01950105078125 0.5725528476352878 0.0238644769265757 0.5806542509623662 0.21459862017514308
15 0.3303541305334445 0.4537282281234537 0.31776421875 0.2726930546875 0.22191196084607942 0.2793590050017424 0.2345018726295239 0.4603941784376961
15 0.47654970507812505 0.43867122070312503 0.46795313476562506 0.25566652734375 0.3708499207443344 0.26022791094315595 0.3794464910568344 0.443232604302531
15 0.644572212890625 0.42647770703125004 0.6390440078125 0.24238966601562498 0.5371941567915399 0.24544823983994285 0.5427223618696649 0.4295362808555679
14 0.4095060457249879 0.6651989915175488 0.3986475546875 0.48530549414062496 0.30305393474376213 0.4910755885605762 0.31391242578125 0.6709690859375
14 0.5780002412338584 0.6652938635634957 0.562902791015625 0.478322966796875 0.46477462985989154 0.48624657979587926 0.479872080078125 0.6732174765625
7 0.7578242910156249 0.8134490117187498 0.755353797747562 0.6775644066741311 0.610414509765625 0.6801995214843749 0.6128850030336879 0.8160841265289936
7 0.2770732305718021 0.8155405621573157 0.267928185546875 0.68926422265625 0.13459352138132288 0.6989204378426842 0.14373856640625002 0.82519677734375
18 0.823187046526986 0.9502091643637605 0.8227675352897383 0.8947266068943575 0.7881294197435066 0.8949885104433556 0.7885489309807543 0.9504710679127586
21 0.5298765443719514 0.9834540630499612 0.5025356093750001 0.9547574179687502 0.47488604712751875 0.9811007372648973 0.50222698212447 1.0097973823461084
6 0.7067562201272302 0.6895847742865302 0.6755153870711451 0.6793919821015253 0.6626027040532898 0.71896926054937 0.693843537109375 0.7291620527343751
19 0.33238715249696504 0.9244768615568008 0.3231293951305271 0.8800977835673861 0.29452118013356204 0.8860656388074605 0.3037789375 0.9304447167968751
17 0.36425374642288977 0.907324346513163 0.3543336344747018 0.8629115614801938 0.32208328884081666 0.8701150511694444 0.33200340078900464 0.9145278362024136
5 0.2284068234937673 0.2303381998128766 0.191490486328125 0.20081181445312507 0.17172747338123268 0.22552117323399862 0.208643810546875 0.2550475585937501
2 0.2739753852897454 0.6618615624089814 0.25536811328125 0.632890580078125 0.21991476510087957 0.6556612989191436 0.238522037109375 0.68463228125
18 0.3281374201062625 0.5069466795251026 0.29793431364060075 0.48787211133068553 0.27569108086169314 0.5230925535925699 0.3058941873273549 0.542167121786987
2 0.4197016955843789 0.1818428937066349 0.3830658359068531 0.17814392426268627 0.3785114406987068 0.22325221355515734 0.4151473003762326 0.22695118299910597
18 0.801450512413375 0.24869281310811714 0.7746279042968749 0.22870465039062504 0.7442361946178749 0.26948803454813297 0.771058802734375 0.2894761972656251
5 0.416734548828125 0.5930312402343749 0.3864223683441589 0.5913779741383912 0.3842247753906251 0.63167023828125 0.4145369558745912 0.6333235043772337
4 0.5179348573782675 0.6844888109750534 0.496323783203125 0.643089654296875 0.4649177715279825 0.6594841343374467 0.48652884570312505 0.7008832910156251