0 0.2338209194253431 0.2572350906865188 0.21817942773437496 0.07953852148437501 0.12404941958209063 0.08782418364991645 0.13969091127305877 0.2655207528520602
0 0.382189894742618 0.2418841775606043 0.366469572265625 0.05891830078125 0.2699763954183881 0.06720893881479639 0.2856967178953811 0.25017481559415067
0 0.5343467677875458 0.22161152425618397 0.521664029296875 0.03702764648437501 0.4221065192882169 0.04386823234411677 0.43478925777888755 0.22845211011592573
0 0.6782988813677918 0.2070788353968016 0.6668699394531251 0.016515130859374998 0.5642320868826566 0.02267077344683127 0.5756610287973233 0.21323447798425788
15 0.32957241340550447 0.4566960055140052 0.313824921875 0.27590812890625 0.21810359923888653 0.28424591540933136 0.23385109076939098 0.46503379201708656
15 0.47548294140625 0.4390898242187499 0.46369380859375003 0.25626303515625 0.3666849924961838 0.2625184084679075 0.3784741253086838 0.44534519753040747
15 0.643267052734375 0.423965771484375 0.63452691015625 0.24000225 0.5327459500512649 0.2448378831509537 0.54148609262939 0.4288014046353287
14 0.4124029488297649 0.6667531682868976 0.398406537109375 0.487076576171875 0.30292817812336004 0.49451413054122756 0.31692458984375 0.67419072265625
14 0.5748420880115337 0.6527671033690049 0.56461262890625 0.47097829882812503 0.4651899510509663 0.47657292397474516 0.47541941015625006 0.658361728515625
7 0.763255462890625 0.8089016171875 0.7568733505029408 0.6715835151859579 0.6128082202902163 0.6782792081700748 0.6191903326779005 0.8155973101716169
7 0.28261412758468235 0.819383110655159 0.2712666484375 0.693285609375 0.13812081577469265 0.7052673659073411 0.14946829492187502 0.8313648671875001