15 0.34378412695312505 0.26634191796875006 0.24909542436126522 0.25843674926868276 0.2337689453125001 0.442018462890625 0.32845764790435994 0.4499236315906923
15 0.49796876757812497 0.253582220703125 0.4010334540922478 0.2462756991384546 0.38726328417037276 0.4289639628103296 0.48419859765624995 0.43627048437500004
14 0.5650756894531251 0.4861504667968752 0.4667133157067281 0.48205620358120327 0.4589122109375002 0.6694733632812501 0.5572745846838972 0.6735676264969219
7 0.7335836791887503 0.7097713702400199 0.5876306992187501 0.6923124843750001 0.5717497036237499 0.8250746004631055 0.7177026835937501 0.8425334863281252
7 0.2465925078125001 0.6595710371093751 0.11294317707640078 0.6530319969370921 0.10675620950577853 0.7794854294461196 0.24040554024187788 0.7860244696184027
0 0.27954664062500006 0.04338459179687504 0.1853500469270999 0.03838341733038702 0.17577739843750007 0.21868324218750002 0.26997399213540024 0.22368441665398806
0 0.4289407324218751 0.046673171875000065 0.33269590121344084 0.03861462236761246 0.3168925460126458 0.2273571811163176 0.41313737722108007 0.2354157306237052
0 0.5852267207031249 0.043444597656250056 0.484955985339883 0.036273243593848634 0.471389537109375 0.22596095507812503 0.5716602724726169 0.23313230914052646
0 0.7317667617187499 0.0443635332031251 0.6301104706408133 0.0357693962167486 0.6139006472837942 0.22750831358742019 0.7155569383617308 0.23610245057379667
15 0.6672073300781252 0.2599899765625001 0.5663767663771826 0.2519343164102502 0.55149766796875 0.4381720488281251 0.6523282316696926 0.44622770898037506
14 0.39965922656250014 0.47290197656250005 0.30084729858743225 0.46762693502354263 0.2911786484375001 0.648739814453125 0.38999057641256796 0.6540148559920824
18 0.2261938329151874 0.21392332223904592 0.18811952343750005 0.19722244921875007 0.17349131552231264 0.23057153908907918 0.211565625 0.24727241210937503
3 0.6079481706108252 0.5997962100470816 0.58706048828125 0.57225351953125 0.5553165539985498 0.5963273192497935 0.576204236328125 0.6238700097656251
20 0.038363445312500084 0.703171037109375 8.698683304385408e-17 0.703171037109375 9.042614068213262e-17 0.759339193359375 0.03836344531250009 0.759339193359375
4 0.5169341932414805 0.7058702918651208 0.5090997109375 0.6644036503906251 0.4784533594928946 0.6701938057911294 0.4862878417968751 0.7116604472656252
4 0.6164427626072732 0.41029508927306113 0.58881121484375 0.4079559238281251 0.5853378922083992 0.4489847790143169 0.6129694399719223 0.4513239444592529
18 0.44014044096773836 0.7801498650314067 0.4387691289062501 0.73563118359375 0.4069523718933606 0.7366112373878032 0.40832368395484886 0.7811299188254599
6 0.3889519749551558 0.8700491170356416 0.35902377004119507 0.8669035352961053 0.3537543730001774 0.9170384888515782 0.3836825779141382 0.9201840705911145
21 0.6306898479250793 0.6520352588364692 0.6015714472656251 0.6482607773437501 0.5963620921354015 0.6884485727142755 0.6254804927948557 0.6922230542069946
2 0.4216452318772521 0.43514001650483397 0.4066502927806904 0.4033010941380766 0.3730022523096883 0.4191480600551176 0.38799719140625 0.450986982421875
17 0.5065173107604333 0.18784892760124017 0.49686022070312497 0.13863852539062496 0.4670039932644324 0.14449753617279532 0.47666108332174073 0.19370793838341052
3 0.3240495536718822 0.3001490018618534 0.28948113671875003 0.29580581835937503 0.2840532060937429 0.33900799227877176 0.3186216230468751 0.34335117578125013
18 0.100542289473079 0.6035737227265281 0.08981231315553184 0.5602301742645774 0.049936720546196856 0.5701016356360876 0.06066669686374401 0.6134451840980383