0 0.289026056640625 0.032965173828125034 0.1943954393920121 0.02711435376672693 0.18307103125 0.2102742734375 0.27770164849861284 0.2161250934988981
0 0.44795608984375007 0.03867844921875007 0.35213497496967006 0.030613615981696804 0.33659654374160153 0.21523117221671845 0.43241765861568154 0.2232960054537717
0 0.5943746640624998 0.04471191601562507 0.4963420224539835 0.035538018182530925 0.47853487890624996 0.22582587109375005 0.5765675205147663 0.23499976892684418
0 0.7514910117187501 0.0522479199218751 0.65001160680084 0.04132695618096437 0.62910875 0.23555976562500003 0.7305881549179101 0.24648072936591076
15 0.33594000585937506 0.25357555859375003 0.24181622249475182 0.24492024739466525 0.22525397021383126 0.42502952479239153 0.3193777535784545 0.4336848359914763
15 0.488949103515625 0.26261288867187504 0.3923808455609124 0.25116899971197176 0.37143044907653744 0.4279570915088467 0.46799870703125 0.43940098046875
15 0.6523207734375 0.26998920898437506 0.5526963783898591 0.25811015980425833 0.530887532686734 0.4410114195698833 0.6305119277343749 0.45289046875000005
14 0.38614831640625 0.4673763046875001 0.29273428402068635 0.45628311247013914 0.27149811019256126 0.6351096027045142 0.364912142578125 0.6462027949218752
14 0.5524816347656251 0.4814026718750002 0.4553156796122563 0.46858550828432427 0.43150042570600633 0.6491271606280743 0.5286663808593751 0.6619443242187502
7 0.2404619609375001 0.6557244140625001 0.10964111528477867 0.6437503289974849 0.09792165429687508 0.771789322265625 0.2287424999495965 0.7837634073306403
7 0.7260293533155766 0.7270819716399888 0.5840668828125001 0.7112866308593752 0.5693847365281736 0.8432441357818863 0.7113472070312501 0.8590394765624999
1 0.7600376043411396 0.8641324521300311 0.7261315272815176 0.8579624012436955 0.717894258877878 0.9032283905199145 0.7518003359375002 0.9093984414062501