0 0.23332401684959075 0.25894291556453936 0.21270949609375 0.077669947265625 0.1185031433066592 0.08838317623233559 0.13911766406249998 0.2696561445312499
0 0.386330256636328 0.24909510548524386 0.372818234375 0.06384325585937503 0.27568993672304704 0.07092766404600623 0.289201958984375 0.2561795136718751
0 0.529279791570523 0.22848261883650464 0.5170735820312501 0.03821728124999998 0.4197927268278458 0.04445819994719859 0.4319989363671187 0.23472353753370326
0 0.6869481952455121 0.21426580184378974 0.677809775390625 0.020251353515625008 0.574474289129488 0.025118635656210274 0.583612708984375 0.21913308398437503
15 0.3098748573801162 0.46967922827502623 0.29567719140625 0.286836095703125 0.20164670316675873 0.29413751000622373 0.215844369140625 0.47698064257812495
15 0.45964769140625006 0.44993703710937505 0.45094348242187504 0.26700251953125004 0.35383888183680184 0.27162285443592854 0.36254309082117686 0.45455737201405355
15 0.6228651661342144 0.4355369854506904 0.61171554296875 0.25006374414062493 0.5115163377720355 0.25608716493993455 0.5226659609375 0.44156040625000004
14 0.3935254134578226 0.6778741491993907 0.381836822265625 0.4989787675781249 0.2862806138859274 0.5052221789256092 0.297969205078125 0.684117560546875
14 0.558737880859375 0.656481513671875 0.548490830078125 0.47359994531249994 0.4506938864914331 0.47907961314438674 0.4609409372726831 0.6619611815037618
7 0.2822727861852339 0.829088706802901 0.2730960078125 0.701457296875 0.14208497162726608 0.710877072493974 0.15126175 0.838508482421875
7 0.7713617109375 0.8199430312500001 0.7638584098929238 0.6873360703854351 0.6202970744722959 0.6954592029193486 0.6278003755168721 0.8280661637839136