0 0.279724134765625 0.02102566406250004 0.1853444985226 0.019743036026959534 0.18281183618880217 0.20610396309769938 0.27719147243182723 0.2073865911332399
0 0.43431513281250006 0.04726205468750006 0.33812936722626424 0.03840355934004299 0.32150146484375 0.21894974218750002 0.4176872304299858 0.2278082375349571
0 0.592026279296875 0.04175038476562507 0.4933983614406185 0.03256627317998811 0.475915467573955 0.22031458221268557 0.5745433854302114 0.22949869379832255
0 0.7409506601562501 0.0444876972656251 0.6388299122584229 0.033214788338934 0.6175143587890893 0.22631137736490475 0.7196351066869165 0.23758428629159584
15 0.34660510742187506 0.2614201191406251 0.2529125271934299 0.25155222717064213 0.23389568135850308 0.4321112928252627 0.32758826158694826 0.44197918479524567
15 0.5015038828125001 0.25349027734375007 0.40400026485297613 0.24401287034171876 0.38627806563422606 0.4263389582323438 0.48378168359375007 0.43581636523437506
15 0.6746851484375 0.26127881835937505 0.574994113617957 0.24988533647213282 0.5540612683398247 0.43304418362236996 0.6537523031593677 0.44443766550961217
14 0.3978183347807381 0.479154380834282 0.304003203169038 0.4707963995708079 0.288108522685175 0.6492080870959009 0.3819236542968751 0.6575660683593751
14 0.5640266679687501 0.4850581796875001 0.4651053872589815 0.47928075544394744 0.4544150468750001 0.66232117578125 0.5533363275847687 0.6680986000248027
7 0.24256538671875008 0.6528940390625001 0.11324606825609443 0.641683563304224 0.10204354091234442 0.7709111922104741 0.23136285937500006 0.7821216679687502
7 0.7284924236292011 0.7094481569635747 0.5852783515625 0.6918636796875 0.5689788908239239 0.8246121320989254 0.7121929628906251 0.8421966093750001
21 0.38777324193043905 0.7686277581623465 0.3630910931511663 0.7566829206999202 0.3401048512207273 0.8041804144906988 0.3647870000000001 0.816125251953125
2 0.41734981270555094 0.7784670110208641 0.40812548046874997 0.7354136054687501 0.37565825956007404 0.7423698131978861 0.384882591796875 0.7854232187500001
9 0.46266947951016907 0.8639947845250522 0.433001594177897 0.8583723351577168 0.42313206193335307 0.9104507322732898 0.4527999472656251 0.9160731816406251
20 0.5789749845550034 0.7225663686184399 0.5650876289062501 0.67901934765625 0.5377878064606216 0.6877253931003101 0.551675162109375 0.7312724140625
3 0.43402517968500115 0.424528675697754 0.40875761888526724 0.4022500767764627 0.382372472403391 0.4321751315474586 0.4076400332031249 0.45445373046874993