0 0.241899239739043 0.24978290262889713 0.227623611328125 0.06790092578125001 0.133100760260957 0.07531987471485288 0.147376388671875 0.2572018515625
0 0.3951559551274996 0.24528093358251715 0.388117361328125 0.059670371093749994 0.29080099018500033 0.06336073438623284 0.29783958398437493 0.24897129687499997
0 0.5387377745630726 0.2296698708035034 0.533179166015625 0.0390944453125 0.43573976705120304 0.04193650889203197 0.44129837559865065 0.23251193438303538
0 0.6968062907809448 0.2209642624996375 0.6944444453125 0.02674907421874999 0.5910020432034302 0.028007034375362505 0.593363888671875 0.22222222265625
15 0.31104885639202007 0.46306242768825095 0.30324097265625005 0.279835185546875 0.209012950248605 0.2838505352023741 0.21682083398437502 0.46707777734375006
15 0.4614194453125 0.448559259765625 0.459104861328125 0.265432408203125 0.3618981674756522 0.2666610268073617 0.3642127514600272 0.44978787836986167
15 0.6306650363321515 0.43994419162131937 0.620370138671875 0.254114814453125 0.5205689910115984 0.25964377126930566 0.530863888671875 0.4454731484375
14 0.55324097265625 0.6584361113281249 0.549382638671875 0.47530833398437494 0.45145403361404124 0.4773715997019937 0.4553123675984163 0.6604993770457437
7 0.2709203891681988 0.8212896638784423 0.26620347265625 0.693415740234375 0.13494349950367618 0.6982575587778076 0.139660416015625 0.8261314824218748
7 0.7600305546874999 0.829218517578125 0.7571597410520835 0.6964304767280994 0.613402364615213 0.699538442127881 0.6162731782506294 0.8323264829779066
6 0.7890289206523029 0.5931265303237216 0.7700618046874999 0.5545268515625 0.7418356613789467 0.5683966181137783 0.7608027773437498 0.6069962968749999
17 0.4894244131077888 0.3917931015559696 0.46277685925187656 0.3867965434190327 0.4556052234878378 0.4250441820974381 0.48225277734375 0.430040740234375
5 0.4289467534851672 0.43603580588512864 0.40083018987854946 0.4329113516072204 0.39703760240900726 0.4670403601752168 0.42515416601562506 0.470164814453125
11 0.3192410360668297 0.7854361430683894 0.2857126340001932 0.775856085210247 0.27260929925695987 0.821715294224465 0.30613770132359636 0.8312953520826074
17 0.3146755030071565 0.7060245338834339 0.28081982466650407 0.7036443255296391 0.277039349097208 0.7574171663167593 0.31089502743786046 0.7597973746705541
12 0.23621813341956802 0.24395122467187655 0.19753055468750008 0.22633703710937508 0.18313723023383988 0.2579503528550659 0.22182480896590778 0.2755645404175674
14 0.39429027734375 0.6934157402343749 0.3846552583085177 0.5112957035067407 0.2874330356522677 0.5164392230379907 0.29706805468749997 0.6985592597656249
1 0.23859248347656686 0.7557191767243536 0.23225277734375002 0.71707777734375 0.1935335626000339 0.7234302502640709 0.19987326873285077 0.7620716496446746
18 0.2732780828470195 0.7929995932349854 0.24095095339451916 0.7863675811821849 0.231899146908749 0.8304897748264064 0.2642262763612493 0.8371217868792069
20 0.20840833810365827 0.4868579499684833 0.19484802056111306 0.4446725559317933 0.16038024146723442 0.4557520786000606 0.17394055900977964 0.49793747263675064
1 0.5220647239059982 0.39896164419950686 0.503848611328125 0.36316851757812507 0.4767514232054746 0.3769590264265793 0.49496753578334785 0.4127521530479611
9 0.7001996662312377 0.6234102294138194 0.6667828292938965 0.6157517179474403 0.6563977470470339 0.661065562752371 0.6898145839843751 0.6687240742187501