15 0.33406426757812496 0.26053463867187504 0.23797966151176903 0.2605133197340739 0.2379394003944736 0.44197046507648946 0.3340240064608295 0.4419917840142906
15 0.485075041015625 0.25402623437500005 0.38789018132307823 0.2518029288055082 0.38370004851057826 0.43496149911800813 0.480884908203125 0.4371848046875
14 0.5662799189045095 0.6703322376400804 0.5642616757812497 0.48276364843749997 0.4658198271892403 0.48382288540679447 0.46783807031249997 0.671391474609375
7 0.744242147143712 0.6972590616578018 0.597575462890625 0.687462689453125 0.5886644622312882 0.8208740067015733 0.7353311464843751 0.8306703789062501
7 0.25560527343604844 0.7992213353569155 0.2552910976562501 0.672614673828125 0.12160764648582664 0.6729464107368346 0.12192182226562501 0.7995530722656251
0 0.2559513593750001 0.055548003906250025 0.16162211974376592 0.05548355214397065 0.16149875390625001 0.23603727539062497 0.25582799353748414 0.23610172715290434
0 0.40531282226562504 0.05101339453125004 0.3073226302859928 0.047957565581304415 0.30161387890625 0.23101808789062503 0.39960407088588223 0.23407391684057066
0 0.56121565625 0.03960986914062507 0.4607070188526951 0.03769610882103637 0.45708665234375007 0.22783387109375003 0.557595289741055 0.22974763141333873
0 0.7076029628906251 0.03285823242187509 0.6056362071204073 0.02959615313460118 0.5994834393168507 0.2219206543763897 0.7014501950870684 0.22518273366366362
15 0.6544170253906251 0.25156794726562504 0.5533030469234945 0.24880039003559196 0.548191267578125 0.43556160351562506 0.6493052460452555 0.4383291607456582
14 0.39837853906250015 0.4781905429687501 0.299425955532218 0.4780941473331107 0.2992492714843751 0.659464837890625 0.3982018550146572 0.6595612335262644
18 0.2115969785855652 0.22864528658744893 0.17270079296875002 0.21395995703125004 0.1598379882113098 0.24802892630317616 0.198734173828125 0.262714255859375
3 0.6130231618215514 0.5940098724593466 0.5907226328125 0.56759810546875 0.5602821272409487 0.5933002623062784 0.58258265625 0.619712029296875