15 0.36900627929687513 0.2397713085937501 0.27386269590398976 0.22636278596563447 0.24853815674507823 0.4060594960491159 0.3436817401379636 0.41946801867723155
15 0.519453220703125 0.2543428808593751 0.4235235794996967 0.23861569437218244 0.39388347989032163 0.4194086240596824 0.48981312109375 0.43513581054687506
14 0.5660351230468751 0.4918748886718751 0.4684038854691981 0.47922335946927896 0.4442979843750001 0.6652474296875001 0.5419292219526771 0.6778989588900962
7 0.714412043166746 0.7293312862401754 0.5705360996093751 0.6992181953125001 0.5431445544895043 0.8300909911035748 0.6870204980468751 0.8602040820312501
7 0.23364926757812512 0.63687790234375 0.10107842891699667 0.6187154384819651 0.08389386137111585 0.7441484496044077 0.2164647000322443 0.7623109134661926
0 0.3201821875 0.025908375000000032 0.22677992238709754 0.012716457312570935 0.20152953515625 0.191495875 0.29493180026915244 0.2046877926874291
0 0.46872116992187507 0.04220499414062508 0.3721099012525091 0.02554130483465239 0.34097960546875 0.20602578906250008 0.437590874138116 0.22268947836847275
0 0.62469383203125 0.052609925781250066 0.5254296816810927 0.03672669137737118 0.495382486328125 0.22451018945312506 0.5946466366782822 0.24039342385700394
0 0.7705961523437501 0.06629717187500012 0.6700757247250774 0.048875810220192495 0.637216439573073 0.23847232168529256 0.7377368671917457 0.2558936833401002
15 0.6874893085937501 0.2754763671875001 0.5877445332501917 0.25866339803173133 0.5566903652343751 0.4428956406250001 0.6564351405779335 0.4597086097807689
14 0.4024028007812501 0.46425981835937513 0.30442663148821525 0.4503928238839695 0.2790097480468751 0.629973833984375 0.37698591733991005 0.6438408284597805
18 0.2521689740682793 0.19114814971731592 0.21569512695312498 0.17119243359375 0.1982160181192206 0.20313968817330907 0.23468986523437493 0.22309540429687502
3 0.5988395839321525 0.6088247576712523 0.5804318886718749 0.57956639453125 0.5467105781772225 0.6007819220162478 0.5651182734375 0.6300402851562501
20 0.020817062500000084 0.660708486328125 8.100091340763261e-17 0.660708486328125 8.41916756293806e-17 0.712817587890625 0.020817062500000087 0.712817587890625
4 0.5836262432864402 0.37887021380772 0.5557125359709997 0.3756830688481444 0.55138699609375 0.4135670859375 0.5793007034091905 0.41675423089707564
20 0.47327931848351085 0.11480069826143308 0.44294428515625 0.09798261914062503 0.41903665417273916 0.14110518845731704 0.4493716875 0.15792326757812508