15 0.3828051191406251 0.2332722617187501 0.2884936736632349 0.21490268466227702 0.25379924252442787 0.39302774114329436 0.3481106880018181 0.41139731819976744
15 0.5322832617187501 0.25569764843750004 0.4373081869451971 0.23497144540002662 0.3982467357733221 0.41396536141565166 0.49322181054687503 0.4346915644531251
14 0.5663698593750001 0.49534203515625014 0.46953455392974075 0.4775982205812167 0.43572594140625015 0.66210574609375 0.5325612468515094 0.6798495606687833
7 0.7021159271737062 0.7402384547674488 0.5600131582031251 0.7026367480468753 0.525809799388794 0.8318966253106769 0.6679125683593751 0.8694983320312504
7 0.22685065625000006 0.622750595703125 0.09541204946914056 0.5976748014942254 0.07168637683784956 0.7220365397353575 0.20312498361870907 0.7471123339442571
0 0.34524066015625005 0.01714716406250004 0.2526568108306264 -0.000914971107332116 0.21808443750000003 0.17629793164062502 0.31066828682562364 0.19436006681045714
0 0.49272317578125 0.04119537890625008 0.39711641915403384 0.01949828364638516 0.356582958984375 0.19810618554687506 0.45218971561159116 0.21980328080674
0 0.64793753125 0.0597490292968751 0.5496406827788867 0.038692477579157544 0.5098068359375 0.2246460781250001 0.6081036844086134 0.24570262984271765
0 0.7929235625000001 0.08105345507812507 0.6934526566678954 0.05839513499668571 0.6507156877263129 0.2460120897337677 0.7501865935584177 0.26867040981520707
15 0.6989830195312501 0.2855965000000001 0.6002548629383492 0.2635863344270481 0.5596012832031251 0.4459408457031251 0.658329439796026 0.467951011276077
14 0.4044070527343751 0.45920095507812503 0.3072909006629741 0.440225287156654 0.2725103027343751 0.6182299746093751 0.3696264548057761 0.6372056425308461
18 0.2686726754543015 0.178600948179283 0.23329321484375004 0.1567636855468751 0.21416607063944848 0.18775237018009222 0.24954553125 0.20958963281250012
3 0.5930086773188192 0.6138484844739156 0.576157474609375 0.5836668320312501 0.5413720453374307 0.6030884432604596 0.558223248046875 0.6332700957031251