15 0.32444085665599787 0.49001073593231137 0.274486736328125 0.31554920703125 0.18211501061083585 0.3419982948641989 0.23206913093870873 0.5164598237652603
15 0.46431117968749996 0.44488699218750005 0.41785365039062494 0.267668716796875 0.32382074054637683 0.29231931592007726 0.37027826984325185 0.46953759131070233
14 0.6106622752114883 0.6454646356349146 0.5570213066406251 0.4657184374999999 0.46268489275726166 0.49387089170883536 0.516325861328125 0.67361708984375
7 0.8173599257812502 0.75299471484375 0.784893542978616 0.6194172980954241 0.6447528943745052 0.6534788936446397 0.6772192771771394 0.7870563103929656
7 0.34754929005473656 0.8549943232086874 0.3123497578125 0.7333787890625001 0.18393641307026345 0.7705458310881877 0.21913594531250002 0.8921613652343751
0 0.19254658216759263 0.31362762679674033 0.142897818359375 0.1400342421875 0.052204966660532384 0.16597294937513477 0.10185373046875 0.3395663339843751
0 0.3301940763564075 0.2720483116473103 0.28522336328125003 0.09450569726562502 0.1901868435654675 0.11857800280581471 0.23515755664062504 0.2961206171875
0 0.4808724967080335 0.22434133893554753 0.4319435468749999 0.040571279296875026 0.33480094079196643 0.06643558879882751 0.383729890625 0.25020564843750004
0 0.6178964509213432 0.18030148926276846 0.571144118721127 -0.004901691333302122 0.4722282315327171 0.020068443644011336 0.5189805637329331 0.2052716242400819
15 0.6265226270991788 0.3995640798074668 0.5799580175781249 0.21862868359375007 0.481998179541446 0.24383912722378331 0.5285627890624999 0.42477452343750005
14 0.4461263798549542 0.6814394720235786 0.396303681640625 0.507046076171875 0.30115778225442086 0.5342284439920466 0.35098048046875 0.70862183984375
18 0.14797372900321576 0.3186517557836286 0.10653648828125004 0.31525655078125 0.10356264599678433 0.3515512129663714 0.14499988671875005 0.35494641796875
3 0.6353399655118888 0.5688911077651035 0.60584075390625 0.539972921875 0.5828814387849862 0.5633935367661465 0.612380650390625 0.59231172265625