0 0.34403914843750005 0.024073875000000054 0.2505160824277259 0.01257060445727368 0.2284804964068561 0.19172274717523732 0.3220035624166303 0.2032260177179637
0 0.6029715996093749 0.05007539062500006 0.5042397396732354 0.03286486700639539 0.4720676361576105 0.21742703888139536 0.5707994960937499 0.23463756250000004
0 0.7502504218750001 0.06661882617187512 0.6493020469722294 0.04816465675563805 0.6156020333003543 0.23251116066188807 0.7165504082031251 0.25096533007812516
15 0.3722111855669008 0.24018607716199397 0.2778298430199509 0.22145390655445918 0.2427656476874251 0.39812354618934026 0.337146990234375 0.41685571679687505
15 0.5129228485187052 0.25843172817582244 0.4148786015625001 0.24077507812500007 0.38289611437192 0.41836815854292775 0.4809403613281251 0.43602480859375015
15 0.6606305566406251 0.2773908886718751 0.5598883906316703 0.26236584227258514 0.5328738906316703 0.4434966801632101 0.6336160566406251 0.45852172656250006
7 0.25726652329621236 0.6572535279444636 0.12470078515625006 0.63114380078125 0.10064802748503782 0.7532657806492863 0.2332137656250001 0.7793755078125
7 0.7184367951395174 0.7270676097645953 0.5756447451708864 0.7059433594255091 0.555471024250119 0.842310185207789 0.69826307421875 0.8634344355468752
16 0.48480395994730296 0.7616796651264476 0.4677840039062501 0.729228720703125 0.4301856728651971 0.7489483915141775 0.44720562890625 0.7813993359375
4 0.306375785997452 0.39932362537135757 0.27277015625000006 0.3870290703125 0.2592412717092032 0.4240085854391168 0.29284690145665515 0.43630314049797436
14 0.5725220600048603 0.48963587295257593 0.47510176807208265 0.47042945985673057 0.4392702217390975 0.6521770712791547 0.5366905136718751 0.6713834843750001
0 0.4666301191406251 0.061043171875000066 0.3695158396885539 0.04781915938370671 0.34486359364709246 0.2288599072480908 0.44197787309916364 0.24208391973938415
17 0.41856198338565515 0.3493837481215184 0.385277947265625 0.3405065976562501 0.37487334864559485 0.37951765617535665 0.408157384765625 0.388394806640625
19 0.530974317311457 0.615515173882324 0.521305447265625 0.5757187011718748 0.4934302971134859 0.582491190942264 0.5030991671593179 0.6222876636527132
3 0.4556481640625001 0.65479872265625 0.42805021575339974 0.6426015091531051 0.4120548427065247 0.6787933392312301 0.43965279101562504 0.690990552734375
16 0.5255194334666894 0.21526996581924615 0.5012170078125 0.20304049609375005 0.4824107325489357 0.240412362305754 0.506713158203125 0.2526418320312501
3 0.3036248613281251 0.43915550585937513 0.2700649078643062 0.4387090138331341 0.26951276856213496 0.48020979816385156 0.30307272202595387 0.4806562901900926
5 0.4244639022416645 0.5253009412966475 0.41590157226562496 0.482985734375 0.38733353916458546 0.4887663731564775 0.395895869140625 0.531081580078125
20 0.3215447852316987 0.5715390722656755 0.28819548302769293 0.5648532239835082 0.2793653649773821 0.6088982371110583 0.3127146671813879 0.6155840853932255
2 0.5759564394797355 0.9940330636576069 0.571384052734375 0.9567670019531249 0.543801258279051 0.9601512931285018 0.5483736450244117 0.9974173548329838
14 0.4068738886718752 0.464056212890625 0.31269744143987743 0.45575202256494096 0.2966578239012764 0.6376546687595364 0.3908342711332741 0.6459588590852204
21 0.5037335610901141 0.529708444787669 0.48180464062499995 0.49640399609374997 0.45591661469113576 0.5134496606810811 0.47784553515624995 0.5467541093750001