0 0.24245544245142459 0.24809346144734534 0.23302499999999998 0.069959259765625 0.1386631662259745 0.07495478468232132 0.1480936086773991 0.25308898636404165
0 0.39126977467003343 0.23792990025724786 0.38194444531249994 0.054526851562500006 0.2852207095887253 0.05944487609226923 0.2945460389462588 0.24284792478701708
0 0.5440414623258794 0.22297979644196764 0.5378083339843751 0.03806574023437499 0.43807273809666875 0.04142765215245317 0.4443058664381731 0.2263417083600458
0 0.6884130669099577 0.21347981684744566 0.683641666015625 0.022633333984374997 0.5808515072486776 0.02520321658378924 0.5856229081430103 0.2160496994468599
15 0.3311875212535658 0.4507745471023776 0.32175902734375 0.26954722265625 0.22580503232231577 0.27453930461986703 0.23523352623213162 0.45576662906599463
15 0.47762361132812486 0.4382712968750001 0.4722222226562499 0.2551444453125001 0.3750541918151346 0.258010449377854 0.38045558048700956 0.441137300940354
15 0.645833333984375 0.429012037109375 0.64351875 0.24485555468750003 0.5416310321149349 0.24613613779225899 0.5439456160993099 0.43029262021413395
14 0.4066367087649529 0.6635944938059755 0.3989194453125 0.48353888867187494 0.30323968186004713 0.4876397659596496 0.3109569453125 0.6676953710937501
14 0.5751035858150741 0.6666299809336813 0.5632715273437501 0.47942407421875 0.46502002551305094 0.4856339077381937 0.47685208398437506 0.672839814453125
7 0.7542311619698416 0.6842060778974455 0.60725277734375 0.6820990742187499 0.6053361993582835 0.8157939221025544 0.7523145839843751 0.81790092578125
7 0.2716002429591337 0.8116018942420472 0.26466041601562507 0.6851851855468752 0.13117753438461638 0.6925129202110781 0.138117361328125 0.8189296289062501
5 0.430272911318872 0.5717744327697372 0.4072190932844818 0.5559241783406593 0.38512534798123477 0.5880590053365474 0.408179166015625 0.6039092597656253
18 0.816356379777947 0.9556839298195664 0.8149629319622947 0.8999894899684131 0.7800566353347952 0.900862828544366 0.7814500831504474 0.9565572683955192
21 0.5219109479943871 0.9824151281297105 0.494598611328125 0.9547324082031252 0.4671910647124709 0.9817732532627224 0.494503401378733 1.0094559731893078
6 0.7034160204986671 0.6931642941312582 0.6723578343527244 0.6824278250384412 0.6587563978384324 0.7217737164540583 0.6898145839843751 0.7325101855468752
19 0.32500453923916495 0.9214869639916894 0.3165227124261012 0.8769530745070142 0.2878147005306863 0.8824207394215748 0.29629652734375 0.92695462890625
17 0.35716563065926815 0.9048932095364697 0.3480221396905252 0.860314059719026 0.3156509877510107 0.866953606157638 0.32479447871975364 0.9115327559750817
5 0.23315443619477721 0.22563931744019947 0.19675902734375 0.19547314843750008 0.17656778646147275 0.21983383099730064 0.21296319531249996 0.25000000000000006
2 0.27118493502087504 0.657892238771463 0.2530861113281251 0.6286009257812502 0.2172407602916251 0.6507494272441623 0.23533958398437504 0.6800407402343751
18 0.3280423596310029 0.5039462046866423 0.29817675047579395 0.4843474249740389 0.27532222408380597 0.519174305150236 0.3051878332390149 0.5387730848628394
2 0.42481418097630635 0.1800128904665409 0.38845817403900407 0.17698211457702648 0.3846626517221428 0.22251172175118167 0.4210186586594451 0.2255424976406961
18 0.805790515050255 0.25399212735630405 0.7793208339843749 0.2335388886718751 0.7482219849497448 0.27378564998744614 0.7746916660156249 0.2942388886718751