0 0.35342468554687506 0.015514328125000046 0.260985216645503 -0.004083004133857315 0.22398980215222453 0.17042220006296033 0.31642927105359664 0.1900195323218177
0 0.5012640253906251 0.03915095507812509 0.40656319337434477 0.018867457775969126 0.3681025691082304 0.19843477122341058 0.4628034011245107 0.21871826852556653
0 0.6560774296874999 0.06359128515625007 0.5588701152141671 0.041025171304877955 0.5170315758705789 0.22125168606341256 0.6142388903439118 0.2438177999147847
0 0.8009358125 0.0864291699218751 0.7009830082732104 0.06230743502048411 0.6561971233193715 0.24788591058264006 0.7561499275461612 0.27200764548403106
15 0.38747800976562513 0.23126755273437508 0.2935015212777295 0.21125481167724025 0.25570366299593683 0.3887472393034711 0.34968015148383247 0.4087599803606059
15 0.5365420078125 0.25629827734375005 0.4419431193147297 0.23391768813206432 0.39976374431472955 0.41220262758518933 0.4943626328125 0.43458321679687506
15 0.704664708984375 0.29069477734375015 0.6059172913353561 0.2655612437851955 0.560489803054106 0.4440418043320704 0.659237220703125 0.46917533789062504
14 0.40662413085937504 0.4579382148437501 0.3131431908324276 0.43713561343007906 0.27399567578125006 0.6130533476562499 0.3674766158081975 0.6338559490699209
14 0.5664410429687501 0.49650105859375004 0.46993015513182257 0.4770699377335651 0.4329065937500001 0.6609593183593753 0.5294174815869277 0.6803904392195602
7 0.6978924042337245 0.7437292740463277 0.55646751953125 0.703653259765625 0.5200134746725255 0.8322965189224224 0.661438359375 0.8723725332031251
7 0.22474996484375004 0.617964787109375 0.09376900978923793 0.5905988913595974 0.06787653860056056 0.7145276176846611 0.1988574936550727 0.7418935134344387
5 0.41385197290489073 0.5496982818588143 0.3952328336309939 0.5293266571404902 0.36579505017922814 0.556232031531676 0.384414189453125 0.5766036562500001
18 0.6948612812500002 0.961448974609375 0.6591919667968752 0.961448974609375 0.6591919667968752 1 0.6948612812500002 1
4 0.3490541831940013 0.39528768688462984 0.3178222413448394 0.38941942260358503 0.3112245958430393 0.42453326049244666 0.3424565376922012 0.4304015247734915
21 0.3993079853536939 0.9576537324748118 0.3737373173919291 0.9348506496416422 0.3443756011851867 0.9677759651089903 0.36994626914695145 0.9905790479421599
6 0.6464901889322758 0.7392303205267148 0.6192690886785548 0.7208212386522607 0.5959476438869038 0.7553061407817959 0.6231687441406248 0.77371522265625
19 0.22465295704425126 0.8163623869813036 0.1953377532030628 0.8146665557359962 0.19271348389144227 0.8600313230247285 0.2220286877326307 0.8617271542700359
17 0.2579588137790787 0.8072865134561531 0.2243810128406074 0.8072291773372718 0.22430225949208593 0.8533495690116666 0.2578800604305572 0.8534069051305478
5 0.31325674799710573 0.16592321736421378 0.2859090624999999 0.12736510937500004 0.2601008125497691 0.1456698431826612 0.2874484980468749 0.18422795117187496