0 0.2296246293698666 0.2619175313242534 0.210884287109375 0.0845210078125 0.11691321774295726 0.09444820349621015 0.13565356000344886 0.2718447270079635
0 0.3777030964151704 0.24397955813441252 0.35879197265625007 0.061315908203125 0.26245818374047725 0.07128932220770218 0.2813693074993976 0.2539529721389897
0 0.529482987688706 0.22105449219045906 0.513580748046875 0.03672007031249999 0.41415778518867974 0.04529713239978956 0.43006002483051076 0.22963155427774862
0 0.6731595452567313 0.20401170552464715 0.65840655078125 0.013676486328124994 0.5558917587322987 0.021622467986893733 0.57064475320778 0.21195768718341587
15 0.32884261237236 0.4596769719868337 0.309942333984375 0.279191462890625 0.2143811063520652 0.2891985477496399 0.23328138474005022 0.4696840568458486
15 0.47442364648437507 0.43952698437500004 0.459445541015625 0.256933787109375 0.36256067106783035 0.2648812452958547 0.3775387765365804 0.4474744425614798
15 0.641918251953125 0.4214769960937499 0.629968833984375 0.23769402929687497 0.5282877704438755 0.2443052487636679 0.5402371884126256 0.42808821556054283
14 0.4153265349638835 0.6682565492266147 0.39819646484375 0.488851595703125 0.3028624494111165 0.49795434530463517 0.31999251953124996 0.6773592988281248
14 0.5837213979142263 0.662471003017793 0.562107955078125 0.4761408964843749 0.4643161020857738 0.48748430557595684 0.485929544921875 0.6738144121093749
7 0.7686064453124999 0.8042601289062499 0.7598287730912097 0.667074324590488 0.6159024410564448 0.6762832815442696 0.6246801132777351 0.8134690858600315
7 0.28822124094052926 0.8231283747721267 0.27467478515625 0.6972481171875 0.14175834109072072 0.7115517638997485 0.155304796875 0.8374320214843751
19 0.3592494759306166 0.8908080869725128 0.3326418808593752 0.8744980097656252 0.3053587252412586 0.9190066376368626 0.33196632031250006 0.9353167148437502
5 0.43342597166015207 0.5738870802327761 0.40942293860088985 0.5602661431237808 0.38974016030011277 0.5949514496097547 0.413743193359375 0.60857238671875
18 0.8387057888371366 0.9386554611305311 0.8363437942151692 0.8832207517215006 0.8017351022802952 0.8846953791723334 0.8040970969022626 0.9401300885813639
4 0.32890032727789836 0.4809775285350083 0.31848374704581406 0.4438699939688877 0.2881162631112375 0.45239455202831363 0.29853284334332175 0.4895020865944342
21 0.5456242365088415 0.9850345896423406 0.5184048691406251 0.9543919003906252 0.4904230367975215 0.9792476748928627 0.5176424041657379 1.009890364144578