0 0.2872008515625 0.04662820312500004 0.19297242998827713 0.04662000384036419 0.19295672460960683 0.227110511007381 0.2871851461838297 0.22711871029201686
0 0.5473720488281251 0.04087997851562507 0.44727868564938916 0.03583012579162036 0.43783885752438917 0.22293739336974538 0.5379322207031251 0.2279872460937501
0 0.6955692148437501 0.039351328125000085 0.5931242941282745 0.03333722462190614 0.5821416613157745 0.22041663673128115 0.6845865820312501 0.2264307402343751
15 0.3415003525963499 0.2576962298078724 0.24553963832897868 0.25060587792561434 0.23226741854512878 0.43023189811774204 0.3282281328125 0.4373222500000001
15 0.4833867554214135 0.25865744129619195 0.383921513671875 0.2530809902343751 0.3738205727035865 0.4332480040163082 0.473285814453125 0.43882445507812506
15 0.6323040156250002 0.2594742421875001 0.5304816719513565 0.25683857173661057 0.5257428301544815 0.43991152681473555 0.6275651738281252 0.4425471972656251
7 0.2782402045115385 0.6856631535318715 0.14348061718750005 0.675903744140625 0.13449007087908663 0.8000467390462535 0.2692496582031251 0.8098061484374999
7 0.7444811825247504 0.698754334617393 0.600179083967064 0.6951895131036139 0.5967746690204387 0.8329984382518459 0.7410767675781251 0.8365632597656251
16 0.5168079595713879 0.7615810738139649 0.495960091796875 0.7314462265625001 0.4610452357411121 0.7556009964985354 0.481893103515625 0.7857358437500002
4 0.29554966778900227 0.42367090731694285 0.26069620117187503 0.415563490234375 0.2517748277689049 0.4539161230041772 0.28662829438603216 0.46202354008674507
14 0.5707184212948727 0.48087490868125377 0.47168361192838715 0.4736842052965802 0.4582686125085145 0.6584438649747015 0.557303421875 0.6656345683593751
0 0.41338347265625003 0.06838185546875004 0.31538146718593374 0.06709166653465894 0.31297629286873535 0.2497873170419951 0.41097829833905164 0.2510775059760862
17 0.4008135066136637 0.36043121676932693 0.3666957109375001 0.3556765390625001 0.3611229191675865 0.39566481643379825 0.3952407148437501 0.4004194941406251
19 0.5448211977577628 0.6108793239622922 0.5303744296874999 0.5725578242187499 0.5035324138735044 0.5826769578538699 0.5179791819437674 0.6209984575974121
3 0.4748439746093749 0.6590500058593751 0.44596527140619113 0.6503070532935651 0.4344998007030662 0.6881784614966899 0.46337850390624996 0.6969214140625
16 0.4906293528946428 0.2142822641145959 0.46501767578125003 0.20510567187500006 0.4509060650741072 0.24449088236977923 0.4765177421875 0.25366747460937505
3 0.29874009699682774 0.5076324271747038 0.29767353515624995 0.463541140625 0.26431873905505504 0.46434798831545426 0.26538530089563284 0.508439274865158
5 0.4281103456095039 0.5343178883008737 0.414454912109375 0.49336157617187504 0.38680430282799605 0.5025806937303765 0.4004597363281249 0.5435370058593751
20 0.3303217330484326 0.5920987184506122 0.2963606749272146 0.590683762717797 0.29448149019041614 0.6357870126547691 0.32844254831163416 0.6372019683875844
2 0.6355977573952738 0.9810938542319422 0.6265178613281251 0.9446628027343752 0.5995531076686793 0.9513833652940473 0.6086330037358281 0.9878144167916143
14 0.40943588749888604 0.6581748611343187 0.4031875917968751 0.4756733515625 0.3087010948123568 0.47890828136878805 0.31494939051436777 0.6614097909406067
21 0.5073262804225004 0.5290319970864659 0.48150202343749987 0.4986482558593749 0.4578843055149994 0.518721821272909 0.48370856249999994 0.5491055625