0 0.2512578855509119 0.2594072134295259 0.226174640625 0.0806563046875 0.1328610306679837 0.09375054935425482 0.1579442755938956 0.27250145809628074
0 0.49970620898437507 0.22535531054687502 0.483013869140625 0.03875518749999999 0.3831918050390232 0.04768478406553903 0.3998841448827733 0.23428490711241406
0 0.644716716796875 0.20340360937499996 0.62955604296875 0.016616355468749996 0.5272711105855523 0.024918359299117315 0.5424317844136773 0.2117056132053673
15 0.32117674804687507 0.46183825000000006 0.30932069270540663 0.282113200575037 0.2133070751313712 0.2884470019407037 0.22516313047283962 0.46817205136566675
15 0.4650318046875 0.443137708984375 0.44996004308161613 0.26331828803838325 0.35068669726562496 0.2716389921875 0.3657584588715088 0.4514584131334917
15 0.6183278320312501 0.42535268359375 0.5975417265625002 0.24340186132812497 0.496343498353521 0.25496277113116833 0.5171296038222709 0.43691359339679336
14 0.4260136992187501 0.6635281679687501 0.4010492546226931 0.48562388083772723 0.30631250026290013 0.4989178294747463 0.33127694485895715 0.6768221166057692
7 0.31461198828125 0.8389053749999998 0.3062385502921715 0.7147192584478692 0.17143124827893869 0.7238088460380322 0.17980468626801713 0.8479949625901628
7 0.785571177734375 0.799736447265625 0.7677713587084755 0.6611888823310663 0.6247053159028468 0.679569210212647 0.6425051349287464 0.8181167751472058
16 0.5530494341000726 0.7566961699010935 0.5282104960937501 0.7297560546875002 0.4969971225405526 0.7585349609582818 0.521836060546875 0.7854750761718751
4 0.28691640778519184 0.45286772417949683 0.25127379687500007 0.449689873046875 0.24777690087562051 0.488910874376935 0.28341951178581226 0.4920887255095568
14 0.579797625 0.656047529296875 0.5673684962573554 0.4712189301026652 0.46829673493769347 0.47788118735923163 0.4807258636803381 0.6627097865534415
19 0.5380250400720468 0.5854053742455873 0.511504697265625 0.5493770917968751 0.48767456344357824 0.566918403098163 0.51419490625 0.6029466855468751
1 0.34313272560327646 0.29240919019694606 0.30802206640625 0.29138848828125 0.3068297624834465 0.33240200657594915 0.3419404216804729 0.3334227084916452
0 0.3772013347167888 0.26588942949804295 0.354156783203125 0.08463702343749999 0.2569289650898262 0.09699863292876734 0.27997351660349 0.2782510389893103