0 0.34874008203125 0.012128148437500048 0.25551785271325994 -0.005170011530397735 0.22223253125000003 0.17420929101562502 0.31545476056799004 0.1915074509835228
0 0.50589536328125 0.045716880859375086 0.4109398309472343 0.024094168329195545 0.36969904296875 0.20520192578125004 0.46465457530276566 0.22682463831142957
0 0.6513397480468751 0.06338682226562509 0.5564849363144236 0.040912872789533844 0.5125295905994806 0.22643327038859898 0.607384402331932 0.24890721986469022
0 0.810305263671875 0.09320063476562512 0.7100619914832523 0.06764286706239134 0.6620767695312499 0.25585162304687503 0.7623200417198727 0.28140939075010885
15 0.36692822070312503 0.23641213671875005 0.27487169109889104 0.21590265996487484 0.2349908281250001 0.3949074140625 0.3270473577292341 0.41541689081637523
15 0.521208888671875 0.2628406640625001 0.42699644327285036 0.23886847516354137 0.38183544327285035 0.4163544888354163 0.476047888671875 0.44032667773437506
15 0.67990839453125 0.29364723242187507 0.5820768890976555 0.2731573567851845 0.543924814453125 0.4553192675781251 0.6417563198867194 0.4758091432148157
14 0.5540906386718751 0.48893084960937505 0.45896485828773176 0.4655780234002155 0.4152947664908567 0.6434644823845904 0.510420546875 0.6668173085937501
7 0.2241102187500001 0.6263142656249999 0.09443073130183054 0.5981022844816497 0.06752965039062511 0.72175607421875 0.19720913783879465 0.7499680553621002
7 0.6965701437673092 0.7560352980280317 0.5576360876848325 0.7231381908046616 0.5270281489956484 0.852404422073505 0.6659622050781251 0.8853015292968751
6 0.755077580188448 0.6647595095844667 0.7467470839843751 0.622566033203125 0.7158929627803021 0.6286577365092834 0.724223458984375 0.6708512128906251
17 0.5177907741724957 0.3927429986754328 0.49334441767583787 0.3810197997209155 0.4765179325658422 0.4161080256548578 0.5009642890625001 0.4278312246093751
5 0.44792298576760664 0.41982539791611073 0.4215731384227866 0.40953030532196183 0.40907654328018006 0.4415148038902261 0.4354263906250001 0.45180989648437503
11 0.2515239385700995 0.7289262804287635 0.2216174900326912 0.710994865237701 0.19709140335581588 0.7519000665957942 0.2269978518932242 0.7698314817868568
17 0.2684696631070995 0.651816321370135 0.23670285046351025 0.6399917130160817 0.21799492133074286 0.690250568270806 0.24976173397433213 0.7020751766248593
12 0.3114765824804027 0.1844041052845453 0.27866613867187506 0.15737702343750007 0.2565811258363438 0.1841878747440399 0.28939156964487145 0.2112149565910851
14 0.3852738359375001 0.48097509179687503 0.28998965309254776 0.46098769368822695 0.2525483894206727 0.6394781702507268 0.34783257226562503 0.659465568359375
1 0.18519217968750012 0.640382951171875 0.14606291796875012 0.637354203125 0.14310022761111615 0.6756300466753037 0.18222948932986616 0.6786587947221787
18 0.2051695702695226 0.7243359247119739 0.17566045120733842 0.7095630153103323 0.15549741316826965 0.7498390011688869 0.18500653223045382 0.7646119105705286
20 0.22174549555889128 0.4118362786754805 0.21956561804479532 0.36757864881030305 0.1834047084948333 0.3693597282277357 0.1855845860089293 0.41361735809291317
1 0.5474635377596856 0.40811521182909516 0.53913206640625 0.36882703124999994 0.5093889464005424 0.37513437225273405 0.5177204177539779 0.41442255283182927
9 0.6614371095118093 0.6710206138924679 0.6311410922577335 0.6549741464931569 0.6093817874334243 0.6960561029131891 0.6396778046875001 0.7121025703125001