15 0.36448461328125 0.24209709765625004 0.2691215082587008 0.23035110165770464 0.24693696642170992 0.4104624173213645 0.3423000714442591 0.42220841331990994
15 0.5151629511718753 0.25404079101562516 0.41897344375595547 0.2399902024377728 0.39249312930283037 0.4212728860315228 0.4886826367187502 0.4353234746093751
14 0.5658832617187501 0.49072365429687503 0.46804609531991975 0.47977795229340436 0.44719043359375 0.6661943964843751 0.5450275999925803 0.6771400984878457
7 0.7183817679257604 0.7255543509319117 0.5740021933593752 0.6979568300781253 0.5488988668398649 0.8292877428180888 0.6932784414062501 0.8568852636718752
7 0.23607868359375012 0.641505515625 0.10321105324813286 0.6256595003808016 0.0882182132917312 0.7513733209507728 0.22108584363734846 0.7672193361949712
0 0.31193553515625005 0.029118833984375047 0.21831726474646956 0.01755901948595206 0.19619085351562504 0.19675189062500004 0.2898091239254055 0.20831170512342304
0 0.4607363105468751 0.04282060937500007 0.3638489340359197 0.02784555680468265 0.335873267578125 0.20884585156250002 0.4327606440890804 0.22382090413281744
0 0.6168668066406251 0.05050185937500008 0.5173405740023028 0.03635344218610417 0.49057522851562513 0.22463273632812508 0.5901014611539475 0.23878115351702098
0 0.7629857812499999 0.06164067187500009 0.6621766169188544 0.04597628670747909 0.6326312517863415 0.2361173957912105 0.733440416117487 0.2517817809587315
15 0.683542275390625 0.27223842382812513 0.5835192639015083 0.2571688013756156 0.55568512109375 0.4419149550781251 0.6557081325828666 0.4569845775306347
14 0.4017939140625001 0.4659685664062501 0.3035906555765734 0.4538136029854415 0.2813117617187501 0.6338108515625002 0.3795150202046768 0.6459658149833089
18 0.24681651292517298 0.1955204377330544 0.209999943359375 0.17620431640625006 0.19308105348107701 0.20845175757944576 0.229897623046875 0.22776787890625005