0 0.27943901562500006 0.04440858203125004 0.18507192989975527 0.03951324312959833 0.17583061656325732 0.21765735640945916 0.2701977022885021 0.22255269531111088
0 0.4291557890625 0.04462703515625005 0.33244784279389306 0.03940773503556766 0.3225512486819464 0.22278084435874207 0.41925919495055336 0.22800014447942446
0 0.5858864941406251 0.04454831054687509 0.48634584397515623 0.03746659703829244 0.4732160445976477 0.2220192148468805 0.5727566947631166 0.22910092835546314
0 0.7325340624999999 0.044444179687500085 0.6300383724021441 0.03625548635645095 0.6148347445901282 0.22655524012484377 0.717330434687984 0.2347439334558929
15 0.34682432421875 0.252178412109375 0.25087416071522545 0.24711322385550044 0.24130759171157762 0.42833331165097516 0.33725775521510215 0.43339849990484974
15 0.49796876757812497 0.253582220703125 0.4010334540922478 0.2462756991384546 0.38726328417037276 0.4289639628103296 0.48419859765624995 0.43627048437500004
15 0.669402396484375 0.261255056640625 0.567938972755998 0.2518784581050313 0.550991283302873 0.43526805185503126 0.65245470703125 0.444644650390625
14 0.40119383007812504 0.47306326953125 0.3056095522982976 0.46714042286007795 0.29446360351562506 0.647016337890625 0.3900478812954525 0.652939184561797
14 0.5680228632812501 0.48025307617187507 0.4687891386775569 0.47195629230469077 0.45361893359375005 0.6533996054687499 0.5528526581974432 0.6616963893359342
7 0.7335836791887503 0.7097713702400199 0.5876306992187501 0.6923124843750001 0.5717497036237499 0.8250746004631055 0.7177026835937501 0.8425334863281252
7 0.2465925078125001 0.6595710371093751 0.11294317707640078 0.6530319969370921 0.10675620950577853 0.7794854294461196 0.24040554024187788 0.7860244696184027
19 0.299846494668406 0.8639783570231114 0.27611794140625007 0.8437067402343751 0.24220800337846915 0.8833993695393887 0.2659365566406251 0.9036709863281251
5 0.4226871229595211 0.5625629365020894 0.40111039112617525 0.5453547933670577 0.37624396347915423 0.5765339994430934 0.3978206953125001 0.5937421425781251