0 0.2350809051401725 0.2773446588898549 0.197589728515625 0.10077889453125 0.10541683317823836 0.12035047066121499 0.14290800980278584 0.29691623501981984
0 0.48054867968750004 0.22604482421875005 0.45088043554687507 0.04106365039062501 0.35192442814823605 0.05693473027366301 0.381592672288861 0.24191590410178804
0 0.6236746757812499 0.19403117578125 0.5955213124999998 0.008756480468749994 0.49406465964671475 0.024173297105584607 0.5222180229279648 0.20944799241808462
15 0.318950322265625 0.47440528906250007 0.29458616482725236 0.2959450795713595 0.19924825491944975 0.3089610221921957 0.22361241235782237 0.48742123168333623
15 0.46115047265625 0.44571548046875 0.4335718548006692 0.2673854415106147 0.33512075781250006 0.2826108359375001 0.36269937566808086 0.46094087489563534
15 0.612832458984375 0.4172803886718751 0.57940473828125 0.23722275585937502 0.4792594714572776 0.2558147364204972 0.5126871921604025 0.43587236923299727
14 0.43760107421874994 0.668290845703125 0.40028746606124666 0.4925613562878953 0.30670882567871804 0.5124314232343424 0.34402243383622133 0.6881609126495721
7 0.338704427734375 0.851011833984375 0.32168860090547224 0.7277123294996137 0.18784374087253297 0.7461834577476653 0.2048595677014357 0.8694829622324265
7 0.8057840976562501 0.7790858652343751 0.7783630504849334 0.6421174490984365 0.6369276561350083 0.6704327843383061 0.6643487033063251 0.8074012004742447
16 0.5708264285007021 0.7523703284551728 0.5441687500000001 0.7272285156250002 0.5150389250149231 0.7581146539667025 0.5416966035156251 0.7832564667968751
4 0.2841476882963406 0.46784649481944524 0.24837022460937508 0.46716268750000006 0.24761776545334493 0.5065320820139912 0.28339522914031046 0.5072158893334365
14 0.5904885683593751 0.650101005859375 0.5651967240258855 0.466589651248535 0.4668310307413848 0.4801465769634761 0.49212287507487446 0.6636579315743162
0 0.36116973952558723 0.2750257129289612 0.32553779296875 0.0958223359375 0.229409120945591 0.11493610355512779 0.26504106750242823 0.294139480546589
17 0.37682600390625 0.424376248046875 0.37396298799607725 0.3841031623754868 0.3396021953125 0.38654587304687493 0.34246521122267276 0.42681895871826314
19 0.5668948543616537 0.599137491869464 0.544796294921875 0.5646570625000001 0.5206447281265763 0.5801358382620665 0.5427432875663549 0.6146162676315303
3 0.508462048828125 0.66080461328125 0.47830574414062516 0.6593297578125 0.4763740844654435 0.6988263179511751 0.5065303891529433 0.700301173419925
16 0.4314300669782708 0.22247415042077082 0.40447014648437507 0.21882305468750002 0.39885555216235424 0.2602815722354792 0.42581547265625 0.26393266796875003
3 0.30472497934543175 0.549309926571027 0.29451462890625 0.506403892578125 0.2620564692442733 0.5141279619902389 0.272266819683455 0.5570339959831409
5 0.43681639607138456 0.5485146599302226 0.4149440703125 0.5112924648437501 0.3898144574442405 0.5260590060854025 0.411686783203125 0.563281201171875