0 0.2431916490286694 0.23672121614786018 0.22299375 0.051440740234375004 0.1291612929120837 0.06166965660848149 0.14935919194075312 0.24695013252196665
0 0.3851289467676642 0.23986851712823523 0.37962986132812493 0.058641666015625 0.2830814692479607 0.06157129732488973 0.28858055468749993 0.24279814843749994
0 0.5410219343538191 0.22243041626486443 0.5354937499999999 0.033950925781249995 0.43648172746113156 0.036854990899608 0.44200991181495064 0.22533448138322243
0 0.6860175485103123 0.2127735073978653 0.683641666015625 0.018518517578125 0.5809082885568064 0.019775022923758594 0.5832841710514937 0.2140300127434989
15 0.3132715273437501 0.31892962890625 0.21990763867187504 0.31892962890625 0.21990763867187504 0.496913888671875 0.31327152734375013 0.496913888671875
15 0.47608055468750005 0.43827129687499994 0.4714506953125 0.25514444531249997 0.37351884923623496 0.2576203830125074 0.378148708611235 0.44074723457500736
14 0.40200624999999995 0.670781482421875 0.39613552689084014 0.4917595354053127 0.30199941556271515 0.4948465705615628 0.30787013867187496 0.673868517578125
14 0.5734248325940904 0.6603455544500512 0.56172847265625 0.4773666660156249 0.4628404447496595 0.4836877775811987 0.4745368046874999 0.666666666015625
7 0.26774722265625 0.812757408203125 0.263117361328125 0.6831277773437501 0.1333957559358369 0.687760923640985 0.1380256172639619 0.8173905545003599
7 0.752314583984375 0.680040740234375 0.608025 0.680040740234375 0.608025 0.813786111328125 0.752314583984375 0.813786111328125
21 0.4213472512292375 0.7803024476587324 0.3953933695479203 0.7714546428853231 0.378366952303058 0.8213994178828408 0.4043208339843752 0.8302472226562501
2 0.4519024666924673 0.7864638830990078 0.43750000000000006 0.7448555546875 0.4061225333075328 0.7557166715884921 0.42052500000000004 0.797325
9 0.5073075405750792 0.8658310692200472 0.47717559109597374 0.8638661341830485 0.47372638450526955 0.9167591391817513 0.5038583339843751 0.91872407421875
20 0.605510334250875 0.7112827614432642 0.5864194453125 0.6697527773437502 0.560384111061625 0.681720941681736 0.579475 0.72325092578125
10 0.09951450966428754 0.5788734050587797 0.09044058269554955 0.5318232839710639 0.0496303207748599 0.5396938128386313 0.058704247743597886 0.586743933926347
21 0.4883393307354217 0.02647058576147819 0.4835708237955155 -0.00023534523671123186 0.4566868067158361 0.004564960059730172 0.46145531365574227 0.031270891057919595
4 0.5277777773437501 0.6193416660156252 0.5035060018208418 0.6155937335722331 0.49785799478859727 0.6521704757918382 0.5221297703115055 0.6559184082352303
21 0.3057764802962252 0.5630185639742903 0.2731740400092315 0.5536141436297113 0.25939375129000075 0.6013864702213474 0.2919961915769944 0.6107908905659264
13 0.36373147367297626 0.7087268962328488 0.3504706258922713 0.6624822508985472 0.317757902219295 0.6718627628688235 0.33101875 0.7181074082031251
21 0.42815942694058073 0.5717794935995111 0.40496360110087426 0.5581111642290715 0.3842118128321686 0.5933279675045606 0.40740763867187507 0.6069962968750002
15 0.6720185338084423 0.29267880978402483 0.571849634639271 0.2756043033939848 0.5394915168464537 0.46543567915683504 0.6396604160156251 0.4825101855468751
4 0.5919239399263697 0.4522572457768608 0.5686729160156249 0.43621388867187505 0.5485080034330051 0.46543812531688933 0.57175902734375 0.48148148242187505
5 0.28322367596700526 0.39352881288338504 0.24922847265625003 0.38580277734375 0.24069646270486986 0.42334433555411505 0.2746916660156251 0.43107037109375
10 0.29786785530366333 0.6735561055046466 0.29629652734374995 0.6337444453125 0.26231756071196166 0.6350855624641033 0.263888888671875 0.67489722265625
1 0.31861034027887536 0.5457534712909168 0.307870138671875 0.516461111328125 0.27552507573674967 0.5283206029278332 0.28626527734375 0.557612962890625
18 0.4637348519940783 0.44958925651590115 0.441358333984375 0.41975277734375 0.41666653667779663 0.43827092903097403 0.43904305468749993 0.4681074082031252