15 0.33300830044967056 0.44491306337881503 0.3299102929687501 0.263467087890625 0.23384052962290444 0.2651073824451607 0.23693853710382495 0.4465533579333507
15 0.4807844804687501 0.25432417382812506 0.3835756199421623 0.25379731618920875 0.38258268244216226 0.4370011189235838 0.47979154296875004 0.4375279765625001
14 0.5692425318220611 0.6691495517375525 0.5639510742187501 0.48164475390625 0.465542704506064 0.4844218759968224 0.47083416210937495 0.671926673828125
7 0.7476475919341403 0.692966404410162 0.6008322753906251 0.6857312128906252 0.59425098228461 0.8192777303554635 0.7410662988281252 0.8265129218750003
7 0.26086462945533617 0.8034410373031935 0.25834090820312505 0.676859142578125 0.12468360491966383 0.6795239294936813 0.12720732617187497 0.8061058242187499
0 0.2512595226517623 0.2404033106988517 0.24823177343750003 0.05987493164062499 0.1539157742232377 0.061456761566773294 0.1569435234375 0.241985140625
0 0.3977543307340987 0.24068946013744238 0.39749134765625005 0.052734296875 0.3003272708284013 0.0528702468938076 0.30059025390625 0.24082541015625
0 0.55317141796875 0.03861162695312506 0.4526446895303115 0.03845227488231788 0.452343234375 0.228624265625 0.5528699628134385 0.22878361769580718
0 0.6994185957031251 0.029306208984375085 0.5974104389671273 0.02782419209209252 0.5946151341918882 0.2202267815108337 0.696623290927886 0.22170879840311628
15 0.6500577695312502 0.24891083593750007 0.5489108890870633 0.24790838318634467 0.5470593222656251 0.43473036328125003 0.648206202709812 0.43573281603240543
14 0.40100208778503743 0.6613135523555262 0.398013388671875 0.47996740429687507 0.2990741934649626 0.4815979847538488 0.302062892578125 0.6629441328125
18 0.2069051112481648 0.23371994251526945 0.1677585546875 0.219715681640625 0.15549229500183523 0.2540039481097306 0.19463885156250002 0.26800820898437505
3 0.6146466471865423 0.5920230279009198 0.591888564453125 0.5660044804687501 0.5619012590634576 0.5922339838178304 0.5846593417968748 0.6182525312500001
20 0.05772666681490493 0.7406821775825382 0.018503501371397307 0.7319006331441512 0.00569697475383657 0.7891015635501394 0.044920140197344194 0.7978831079885264
20 0.41334984684027215 0.1237231754235871 0.38075736328125004 0.11185760156250008 0.3638899324566029 0.15818923863891304 0.396482416015625 0.1700548125000001
4 0.5312537287388198 0.7041875320034533 0.520545763671875 0.6633684082031251 0.49037796462055505 0.6712822414340469 0.5010859296875 0.7121013652343751
4 0.6098709059882029 0.4020566760580186 0.582174205078125 0.4019849824218751 0.582067606897275 0.4431660145381829 0.6097643078073529 0.4432377081743264
18 0.45982852295737686 0.7836430252578945 0.4553550839843751 0.7393284472656251 0.42368419494258647 0.7425255394138086 0.42815763391558836 0.7868401174060781
6 0.4150358044398919 0.876894017238181 0.38496107868220764 0.8758437825004484 0.3832017526873143 0.9262241831040512 0.4132764784449986 0.9272744178417837
21 0.6409769373948969 0.6425484448318101 0.611666173828125 0.6408143554687501 0.609272868259241 0.6812676418834794 0.6385836318260129 0.6830017312465394