0 0.2721185981334128 0.21131970293729652 0.27139842968750005 0.02494295703125 0.17701078362144393 0.025307675301495077 0.17773095206735673 0.2116844212075416
0 0.42642376953125005 0.04847736718750005 0.3300980489755506 0.041298895022009875 0.3166236464843751 0.22210777734375006 0.4129493670400745 0.22928624950924026
0 0.584014705078125 0.04021409765625008 0.4852415233809217 0.03275267943166937 0.47103795218914785 0.22077751276060129 0.5698111338863512 0.228238930985182
0 0.732964177734375 0.04035190429687509 0.6306622431037439 0.030862964014468985 0.6127199341729278 0.22430215329530856 0.715021868803559 0.23379109357771466
15 0.3332214537280891 0.3004031124359382 0.24036902148437497 0.29064392773437503 0.22176459900628598 0.46765316881406177 0.31461703125000007 0.47741235351562494
15 0.49720146679687505 0.2535015742187501 0.3995472962053249 0.24572728269798663 0.3850098235490749 0.42833489793236157 0.48266399414062505 0.43610918945312505
14 0.3974700910387163 0.48094087148634107 0.30352338090473946 0.47422146313461644 0.2907448347878983 0.6528833787576506 0.38469154492187513 0.6596027871093751
14 0.5637561445312502 0.4839430371093751 0.46474909900812733 0.4798929082336827 0.4572548847656251 0.6630920195312501 0.5562619302887479 0.6671421484069424
7 0.24527296484375016 0.6573636054687501 0.11577769106681063 0.6484117701535229 0.10683220278556063 0.777815229137898 0.23632747656250017 0.7867670644531252
7 0.7321129980464892 0.7054285143329497 0.588613845703125 0.69034614453125 0.5746336464847608 0.8233588450420501 0.718132798828125 0.8384412148437499
2 0.4222223219456908 0.7798670394991173 0.412248005859375 0.736981181640625 0.37990713117930913 0.7445029644071326 0.38988144726562496 0.7873888222656249
9 0.469027750409401 0.8645908539750012 0.4392662580548164 0.8594870360694125 0.43030712092666557 0.9117297485006612 0.46006861328125015 0.9168335664062501
20 0.5828472747249516 0.7211541659298413 0.568202033203125 0.677856146484375 0.5410583092594234 0.6870373145389087 0.55570355078125 0.730335333984375
10 0.09346389410847641 0.5365791958182738 0.08935775354178158 0.48883833668165017 0.04794835971413932 0.49239991464469707 0.05205450028083416 0.5401407737813207
21 0.5379005103617251 0.0278457576263008 0.5359496560723223 0.0007876803373936397 0.5087111435329662 0.0027515437877409926 0.5106619978223691 0.029809621076648155
4 0.5151510058593751 0.6215914687500002 0.4914039595498906 0.6153269768281275 0.481963582994316 0.651112969058633 0.5057106293038005 0.6573774609805058
21 0.30025322433458485 0.5423714558542511 0.268812414107959 0.5296106707044872 0.25011404647364094 0.5756808632074268 0.2815548567002668 0.5884416483571908
13 0.34266006606842003 0.6933395277278586 0.3343057435888147 0.6459620804900649 0.3007916931453947 0.6518717949497063 0.309146015625 0.6992492421875
21 0.42104997712324016 0.5638768921135388 0.3994099500630696 0.5478588160741783 0.37509068387732947 0.5807135470075145 0.3967307109375 0.596731623046875
15 0.6927471646348013 0.31179537073568564 0.5949117725642763 0.2843438984618315 0.5428881333201001 0.46975301210114595 0.6407235253906252 0.49720448437500014
4 0.5964108483376337 0.46212745393888044 0.57496418359375 0.44374158984375006 0.5518549719748663 0.47069792496736973 0.57330163671875 0.4890837890625001
5 0.2955404688036225 0.3714527764261465 0.2625390859375001 0.36021559960937505 0.2501296542432526 0.39665966498010363 0.28313103710937504 0.40789684179687513
10 0.2834323339843751 0.6117189687500001 0.24949932263467023 0.6095009705075677 0.24690059179687515 0.64925878515625 0.28083360314658 0.6514767833986824
1 0.31482147115486425 0.5265424476140024 0.3072019921875 0.4962878964843749 0.2737944643920107 0.5047014391047475 0.281413943359375 0.534955990234375
18 0.4692028730885066 0.44607467099027753 0.450067697265625 0.41406265625000005 0.42357549019274343 0.42989836807222265 0.44271066601562503 0.46191038281250013
5 0.35189860493432995 0.8517916999850513 0.3345953125 0.818819064453125 0.2920852212375451 0.8411273976711988 0.30938851367187503 0.8741000332031251
16 0.4208564353659941 0.8627472817946026 0.40562405078125 0.8221470039062501 0.3743933798981344 0.8338641057211532 0.3896257644828785 0.8744643836095057
9 0.3353065599903532 0.6401390363505084 0.3078686756751977 0.6158327025627218 0.282154234671267 0.6448601101370087 0.30959211898642247 0.6691664439247953