0 0.23900712446421268 0.27275509202567383 0.204603154296875 0.09556191210937501 0.11210272891412243 0.11352186901537746 0.14650669908146013 0.29071504893167627
0 0.36237416714941173 0.2570347382193756 0.32917862109375 0.07777512890625 0.23355051803390772 0.09548367525142007 0.26674606408956947 0.27474328456454566
0 0.485332818359375 0.22574707812499997 0.4588974609375 0.04027629296875 0.35967953628139615 0.05441793419128074 0.3861148937032711 0.2398887193475307
0 0.628995732421875 0.19623619726562502 0.6040801464843749 0.010498376953125 0.5023698844120034 0.024142182889504205 0.5272854703495033 0.20988000320200423
15 0.31942458593750006 0.47124943554687493 0.2981786984100775 0.29239119073526953 0.20262814980503416 0.3037412753287115 0.2238740373324567 0.4825995201403169
15 0.46210378515625 0.44504573046875 0.4376416570193995 0.2662615396748202 0.338939833984375 0.27976640625 0.36340196212122555 0.4585505970439298
15 0.6142589296874998 0.4192621855468751 0.5839787402343749 0.23864858203125006 0.48352425201611277 0.25548995430586136 0.5138044414692378 0.4361035578214864
14 0.43467349804687505 0.667176201171875 0.40043247590190767 0.49082226584065713 0.30652130709433517 0.5090561340260223 0.3407623292393025 0.6854100693572402
14 0.585353984375 0.6374725078125001 0.5602408680490842 0.4545232497970665 0.4628784448427206 0.467888014903401 0.4879915611686364 0.6508372729188345
7 0.3326029921875 0.8481433769531249 0.3177416309186287 0.7245656844392923 0.18359478995372858 0.7406980836296563 0.19845615122259988 0.8642757761434889
7 0.8008668046875002 0.78438002734375 0.7758403627707879 0.6469539096898123 0.6339323393632501 0.6727965440154602 0.6589587812799623 0.8102226616693979