0 0.298572205078125 0.03061172851562503 0.2040525083655489 0.023152705819620343 0.18969976953125 0.20502861328125 0.2842194662438261 0.2124876359772547
0 0.4583775527343751 0.04758925781250006 0.36168200733957695 0.03601055182356312 0.33959805468750004 0.22043701953125006 0.43629360008229817 0.23201572552018698
0 0.6048721894531252 0.04995932226562508 0.5081878338133364 0.03752351477836227 0.4838654414180108 0.22662219926417032 0.5805497970577995 0.23905800675143313
0 0.7660832675781251 0.06299339062500012 0.6637176252084933 0.04805390557502539 0.6356684414062501 0.24024745898437508 0.7380340837758819 0.2551869440343498
15 0.34010476757812513 0.25176588671875 0.2464087097703093 0.2409912906288049 0.22545741015625004 0.423184123046875 0.31915346796406585 0.43395871913682016
15 0.49630280468749993 0.261922916015625 0.40010068819940864 0.2479299309368507 0.3737394245275336 0.4291642668743507 0.4699415410156249 0.44315725195312505
15 0.6573530996093752 0.2759721074218751 0.5579157505321675 0.2658206542582329 0.53901378125 0.4509726406250001 0.6384511303272077 0.4611240937886422
14 0.5526372832031251 0.48333747656250003 0.45559157638243786 0.4700559312907542 0.4307549123199379 0.651532677384504 0.5278006191406251 0.6648142226562499
7 0.23882500781250005 0.6544606367187501 0.10690696120901831 0.6399584031008867 0.09307858984375009 0.7657467324218749 0.2249966364472318 0.7802489660397383
7 0.7222562902670726 0.7340855372609196 0.5806446465649044 0.7158912044895074 0.5637163797353317 0.8476486984785879 0.7053280234375 0.8658430312500002
6 0.7709022956204947 0.6371940726790682 0.758207017578125 0.5961025097656248 0.7281586750826303 0.6053859741959314 0.740853953125 0.6464775371093748
10 0.5481674230504352 0.3919665924582595 0.531676810546875 0.3591883867187501 0.5064198054651898 0.37189510676049053 0.52291041796875 0.40467331249999994
17 0.5064819037623459 0.39147092006869744 0.4809440600556606 0.3823672830512525 0.46787747074643965 0.4190221403263051 0.493415314453125 0.42812577734375
5 0.43982774068397945 0.4257081334389421 0.4125461105107613 0.4182237483478225 0.4034612643580318 0.4513392828776305 0.43074289453125 0.45882366796875007
11 0.2768144284546832 0.7536450188563499 0.24519746737797601 0.7389379101580872 0.2250814965397004 0.7821827028676879 0.2566984576164075 0.7968898115659506
17 0.2915473735610663 0.6826506483088577 0.25909310588283097 0.6665283081235911 0.23687117382253142 0.711261053067876 0.26932544150076676 0.7273833932531425
12 0.2795205798873091 0.20583903488152094 0.24406477539062496 0.18238963671875005 0.22490324471705636 0.21136212806813937 0.26035904921374053 0.23481152623091023
14 0.38391367382812513 0.493071462890625 0.2870622166517498 0.4831534666461313 0.26848339438612473 0.6645798318805063 0.36533485156250006 0.674497828125
1 0.2018075518313131 0.7116777038231413 0.201590744140625 0.6725202968750001 0.162354480435181 0.6727375411817151 0.1625712881258691 0.7118949481298563
18 0.2302341710555852 0.7539251594167277 0.19934251688721255 0.7423177219434413 0.1834999219599363 0.7844806855389252 0.21439157612830895 0.7960881230122117