0 0.26864671363199283 0.2426419128259422 0.256093603515625 0.062576712890625 0.1620938917581174 0.06912983216643566 0.17464700187448523 0.24919503210175284
0 0.51886516796875 0.226003837890625 0.5152300585937499 0.038693865234375006 0.4150282583025547 0.040638473406940726 0.4186633676775547 0.2279484460631907
0 0.665053712890625 0.21422103124999997 0.66295958984375 0.0268312265625 0.5603446998591144 0.027977970946100387 0.5624388229059893 0.21536777563360035
15 0.3249841927879584 0.2693428448602627 0.2287626349954636 0.26896364556949504 0.22805282306688018 0.4490779315686073 0.324274380859375 0.449457130859375
15 0.46908349804687505 0.4408369628906251 0.46659201888303614 0.2604042202817247 0.36698007421875 0.261779697265625 0.3694715533825889 0.44221243987452535
7 0.29173160824633043 0.7006800692313033 0.1566195058593751 0.700344787109375 0.15631063784741975 0.8248125225655717 0.2914227402343751 0.8251478046875
7 0.7639669824218749 0.8189267421875 0.7558751141552493 0.6794750203491715 0.6118754259681203 0.6878307903022762 0.6199672942347458 0.8272825121406046
16 0.5350139890532191 0.7597714111501849 0.5121148046875 0.731164244140625 0.478969950399906 0.7576957118966902 0.501869134765625 0.7863028789062501
4 0.29072325002663557 0.43811857255776276 0.255389138671875 0.43246216210937494 0.2491648442642304 0.47134369549725214 0.28449895561899097 0.47700010594563996
14 0.5692120565254215 0.4759884278824219 0.4699168914320784 0.47572355990086906 0.46942275287540697 0.6609689386590722 0.5687179179687502 0.6612338066406251
0 0.3938311943761788 0.25789370754968455 0.3834863046875 0.07547531835937502 0.28563302885674985 0.08102454696860749 0.29597791854542865 0.26344293615891706
17 0.39131929429943935 0.3676900988627519 0.3569529375 0.36532693945312505 0.3541831607786857 0.40560654762162324 0.38854951757812506 0.4079697070312501
19 0.5524465664393032 0.6074826575006946 0.53536181640625 0.570262263671875 0.5092910616566151 0.5822291528487882 0.5263758116896683 0.6194495466776078
3 0.4860000214843751 0.6604173632812502 0.45658178754311124 0.6537101843069992 0.44778602191811123 0.6922891296194992 0.4772042558593751 0.6989963085937502
16 0.47072151699254 0.21563192178027807 0.44453210351562505 0.20826426367187506 0.43320224081996017 0.24853791025097205 0.4593916542968751 0.2559055683593751
3 0.29976276752593434 0.5216530167246409 0.29562315039062503 0.47774353320312496 0.2624058871459616 0.48087512895619977 0.2665455042812709 0.5247846124777158
5 0.43067936020388586 0.5392490597797521 0.41420022265624995 0.4993450703125 0.38726006167111404 0.510470539829623 0.40373919921874996 0.5503745292968751
20 0.3384311793854578 0.6488349938948297 0.33715954266571774 0.6037105262612465 0.3031825088595042 0.6046680210768457 0.3044541455792443 0.6497924887104288
14 0.4206902170238667 0.6641069868135252 0.40172648046875 0.48248590234375 0.30769580457292195 0.49230399681771403 0.3266595411280387 0.6739250812874892
21 0.5093336044022317 0.5284502213286848 0.48145279101562494 0.4999419023437501 0.45929286630089317 0.5216140579681905 0.4871736796874999 0.5501223769531252
15 0.6317069237558568 0.43241347526093143 0.6165835722656251 0.24766748828125001 0.5149951133535182 0.25598354427031855 0.53011846484375 0.44072953125
4 0.663277125 0.991201984375 0.6513334804697596 0.9637054396925864 0.623828716796875 0.9756526542968749 0.6357723613271155 1.0031491989792884
5 0.6705683137981208 0.9531197959856587 0.653176712890625 0.9164225605468751 0.626758746049545 0.9289425972906225 0.6441503469570408 0.965639832729406