0 0.36074373828125 0.018920841796875053 0.26767910234298414 0.004160670050995172 0.23940461891041775 0.18243464628225634 0.3324692548486836 0.1971948180281362
0 0.618611013671875 0.053943128906250096 0.5205399366442169 0.0332973967204606 0.4819463038317169 0.2166243478923356 0.580017380859375 0.23727008007812508
0 0.76522276171875 0.0756164433593751 0.664979921818196 0.0536504673564578 0.6248668358806959 0.23670855915333278 0.72510967578125 0.25867453515625005
15 0.3813564065477896 0.2358845823567285 0.2876863042273182 0.21386996145034254 0.24647778635140366 0.38920825604673903 0.340147888671875 0.41122287695312504
15 0.5213455860715723 0.2590298844586273 0.423977275390625 0.23796229687500003 0.3858163631471777 0.41433102179137277 0.483184673828125 0.4353986093750001
15 0.6683016523437503 0.2831324199218751 0.5681452217682785 0.2646006748034127 0.5348258018464035 0.44467838183466274 0.6349822324218752 0.46321012695312513
14 0.4095761014216912 0.45732165100121214 0.31509211888258776 0.4423363711340821 0.2869515565233966 0.6197659838047449 0.38143553906250005 0.634751263671875
7 0.25192631942549526 0.6486864571189206 0.12035255468750003 0.6179661582031251 0.09205245401200482 0.7391743143654544 0.22362621875000008 0.76989461328125
7 0.7103791846845438 0.7345526212578178 0.5684113452795054 0.7084578679818975 0.5434907797355867 0.8440375689897046 0.685458619140625 0.870132322265625
16 0.47568072931039024 0.7609899214901378 0.459803662109375 0.7279647578125 0.4215400285021097 0.7463602542911122 0.4374170957031249 0.7793854179687499
4 0.31000729145239453 0.39262756594904696 0.27685120703125 0.379167681640625 0.26203999730407285 0.41565252124554536 0.2951960817252174 0.42911240555396735
14 0.572839584030606 0.4921731680709482 0.4761489304731876 0.4695785365723504 0.43399631323945675 0.6499649310014023 0.5306869667968751 0.6725595625
0 0.481969818359375 0.06014598046875006 0.38537621010579326 0.0435407843409775 0.35442075055795086 0.22361089672422627 0.4510143588115326 0.24021609285199882
17 0.42386802579102484 0.346633354885967 0.39091407226562513 0.3366000136718751 0.3791543433496004 0.3752241919890331 0.41210829687500006 0.3852575332031251
19 0.526924026657342 0.6165257951238969 0.51864992578125 0.5764161250000001 0.49055539782594393 0.5822116590358158 0.49882949870203586 0.6223213291597127
3 0.45027278515625 0.65315656640625 0.42311732458808793 0.6400036288161755 0.40586861950996295 0.6756151815505504 0.43302408007812504 0.688768119140625
16 0.5354408226218742 0.21633403109968466 0.51158000390625 0.20326386914062508 0.49148092542500077 0.23995664077531548 0.5153417441406251 0.25302680273437506
3 0.30586793164062503 0.4323391777343751 0.2723440031786077 0.4307217328303975 0.27034384464033234 0.47217796517867916 0.3038677731023497 0.47379541008265674
5 0.4236269261356871 0.5226493578545578 0.416546591796875 0.48006110546875 0.38779422034868793 0.48484121245794215 0.3948745546875 0.52742946484375
20 0.31800334174764067 0.564421300746599 0.284681746030101 0.5577110848444807 0.2757699940053383 0.6019650704741184 0.309091589722878 0.6086752863762367
2 0.5586686648732373 0.9963829541267002 0.55539962890625 0.9589800195312501 0.5277155269972776 0.9613996244588586 0.5309845629642649 0.9988025590543087