0 0.20593431080685615 0.29323934511000205 0.163381830078125 0.11582983789062498 0.07118329075564388 0.13794407871812292 0.113735771484375 0.31535358593749996
0 0.35659991766870075 0.2648181693087062 0.320612091796875 0.082593859375 0.22507114678442422 0.10146242248816875 0.26105897265625 0.283686732421875
0 0.49597189846001505 0.22693816010904305 0.460669162109375 0.03957859179687499 0.36487399910008794 0.05762854469679217 0.400176735450728 0.24498811300896023
0 0.6507324723230975 0.19361236941934007 0.618017755859375 0.0021577656249999883 0.5160456897862774 0.01958219503378493 0.54876040625 0.21103679882812498
15 0.3075968489682668 0.49307566109079276 0.2712220371093749 0.313325673828125 0.1787822565004831 0.33203209867483224 0.21515706835937498 0.5117820859375
15 0.45384733203125 0.45522790820312486 0.422913892578125 0.274717734375 0.3270961724323995 0.2911377044066419 0.3580296118855245 0.4716478782347667
15 0.6140932836214528 0.4210439859053648 0.5804232656250001 0.23831203125 0.4817049995816724 0.25650176604776026 0.515375017578125 0.43923372070312505
14 0.41599646565267206 0.6895242906024293 0.38259313671875 0.513386849609375 0.28851006950357794 0.5312290961163209 0.3219133984375 0.7073665371093751
14 0.5773703554687502 0.6481567773437499 0.544912029296875 0.46788718359375 0.4485118537950017 0.4852444554130071 0.48097017996687674 0.665514049163007
7 0.3240015159424909 0.8531700008910541 0.299338783203125 0.727608306640625 0.17045226530750912 0.7529240987183208 0.195114998046875 0.8784857929687498
7 0.8083302695312499 0.78448755078125 0.7847221750540382 0.6537834444082398 0.6432208821956943 0.6793417530425061 0.666828976672906 0.8100458594155163
6 0.8000386938092267 0.5467659036818642 0.7752667753906248 0.5116085625000002 0.7495578530657732 0.5297231099900113 0.7743297714843749 0.5648804511718752