0 0.24689104382983104 0.24363705654491524 0.240570908203125 0.06536540039062498 0.14613626139487887 0.06871332337829077 0.15245639702158492 0.24698497953258103
0 0.3958600890989276 0.2360722098473435 0.38973700390625005 0.052534345703125 0.29294216871895834 0.05576355960308223 0.2990652539116359 0.23930142374730076
0 0.548869422801431 0.22379061718181548 0.5458644394531249 0.03879594140624999 0.44608536120520204 0.04041671490898634 0.44909034455350816 0.22541139068455182
0 0.6933848377546155 0.21681171741652205 0.6919448945312501 0.025911027343749997 0.5891255401429172 0.0266865825946286 0.5905654833662826 0.21758727266740066
15 0.3320723351963344 0.4478358603971428 0.32580812890625 0.266471587890625 0.2297816251443462 0.2697882820805378 0.2360458314344306 0.4511525545870556
15 0.47870433398437495 0.43789017578124995 0.476499771484375 0.25469694921875 0.37929652058927515 0.2558667012113452 0.3815010830892751 0.4390599277738451
15 0.647949775390625 0.24739916210937504 0.5460552268698474 0.24690136438789567 0.5451554846823474 0.4310701944660207 0.647050033203125 0.4315679921875
14 0.40379581109489987 0.6619401637858326 0.39922212695312503 0.48177729687500004 0.3034853646863502 0.48420770730791757 0.308059048828125 0.6643705742187502
14 0.5667443066476657 0.656474672710074 0.56604295703125 0.47439963476562497 0.46646373436795924 0.47478321205555085 0.467165083984375 0.6568582499999999
7 0.750977603645213 0.6886149689248336 0.6040583750000001 0.683943158203125 0.5998087908860371 0.8175841931845415 0.74672801953125 0.8222560039062501
7 0.2661968270722787 0.80756831002454 0.2614643320312501 0.6810497382812501 0.1278738936308464 0.6860467602879603 0.13260638867187502 0.8125653320312501
19 0.3323309426990855 0.8800378349843574 0.3069258964843752 0.8619114394531251 0.2766044381602898 0.9044084736093927 0.3020094843750001 0.922534869140625