0 0.2350809051401725 0.2773446588898549 0.197589728515625 0.10077889453125 0.10541683317823836 0.12035047066121499 0.14290800980278584 0.29691623501981984
0 0.3581548008279435 0.2594736448796593 0.321835798828125 0.08082067968749998 0.2265313154488355 0.10019546990562503 0.26285031744865395 0.27884843509778434
0 0.48054867968750004 0.22604482421875005 0.45088043554687507 0.04106365039062501 0.35192442814823605 0.05693473027366301 0.381592672288861 0.24191590410178804
0 0.6236746757812499 0.19403117578125 0.5955213124999998 0.008756480468749994 0.49406465964671475 0.024173297105584607 0.5222180229279648 0.20944799241808462
15 0.318950322265625 0.47440528906250007 0.29458616482725236 0.2959450795713595 0.19924825491944975 0.3089610221921957 0.22361241235782237 0.48742123168333623
15 0.46115047265625 0.44571548046875 0.4335718548006692 0.2673854415106147 0.33512075781250006 0.2826108359375001 0.36269937566808086 0.46094087489563534
15 0.612832458984375 0.4172803886718751 0.57940473828125 0.23722275585937502 0.4792594714572776 0.2558147364204972 0.5126871921604025 0.43587236923299727
14 0.43760107421874994 0.668290845703125 0.40028746606124666 0.4925613562878953 0.30670882567871804 0.5124314232343424 0.34402243383622133 0.6881609126495721
14 0.5877402109375001 0.6359619375000001 0.559438014310642 0.4534788282525625 0.462323666913234 0.46854076667889416 0.4906258635400922 0.6510238759263316
7 0.338704427734375 0.851011833984375 0.32168860090547224 0.7277123294996137 0.18784374087253297 0.7461834577476653 0.2048595677014357 0.8694829622324265
7 0.8057840976562501 0.7790858652343751 0.7783630504849334 0.6421174490984365 0.6369276561350083 0.6704327843383061 0.6643487033063251 0.8074012004742447