0 0.22107353499768978 0.27323001774231354 0.191000169921875 0.09328435937499999 0.09748360953356025 0.1089132869451865 0.12755697460937504 0.2888589453125
0 0.37335468902750546 0.2553879779480273 0.350165853515625 0.07109717187500003 0.25354143597249457 0.08325517244259774 0.276730271484375 0.267545978515625
0 0.5150295431056764 0.2273223391375278 0.49288234375 0.037956576171875006 0.3960614337783886 0.04928022814231173 0.4182086331340649 0.23864599110796453
0 0.6717378170237155 0.20487328012017353 0.6524579902343749 0.011602986328125009 0.5495188548512844 0.021871758942326486 0.568798681640625 0.21514205273437498
15 0.3085485510488375 0.4796711626005089 0.28480107226562507 0.297821658203125 0.19128157590428757 0.3100342416963662 0.2150290546875 0.4918837460937501
15 0.45708290039062505 0.45211752343750006 0.43881656640625005 0.269889255859375 0.3420868535354797 0.27958532148625526 0.3603531875198547 0.4618135890643803
15 0.6249336083514859 0.42878451214227087 0.5984817871093752 0.24455953320312498 0.49954229203913925 0.2587656948889791 0.52599411328125 0.44299067382812496
14 0.4029805474066517 0.6832028284958338 0.3819453144531251 0.5051643496093751 0.2868468158745983 0.5164002300979164 0.307882048828125 0.6944387089843751
14 0.5668469921875001 0.65319295703125 0.5470427031250001 0.4710983125 0.4496665712557157 0.4816887670863592 0.46947086031821567 0.6637834116176092
7 0.2997943459044372 0.8400326621667119 0.28395043164062506 0.7130564453125 0.1536119333924379 0.7293199003332881 0.16945584765625002 0.8562961171875
7 0.78773434375 0.8053025859375001 0.7733012144704039 0.6732700509086164 0.6303617547080196 0.6888954700634845 0.6447948839876156 0.8209280050923683
6 0.7960455897500363 0.5675816262615889 0.773786466796875 0.5307819238281251 0.7468765625937135 0.5470589811602862 0.769135685546875 0.5838586835937501
10 0.5206009977551961 0.38352289134269296 0.49667046093749984 0.3557077792968751 0.4752377307604287 0.3741472785791822 0.49916826757812494 0.40196239062500005
17 0.4800338032097009 0.3931265853429391 0.45305217271341774 0.390471527873088 0.449241328488092 0.4291986710457739 0.47622295898437517 0.4318537285156251
18 0.28683242492792854 0.7902592280555871 0.2832458062501289 0.7492639718854334 0.24942430378079658 0.7522229687011691 0.25301092245859624 0.7932182248713229
13 0.3434990848982621 0.7919900976720181 0.3366734338009676 0.7425604310326659 0.3025240180454772 0.74727606059222 0.3093496691427717 0.7967057272315722