15 0.32597953305574257 0.4747477621119382 0.291420828125 0.296596322265625 0.19709541553425836 0.3148940363004153 0.23165412046500092 0.4930454761467285
15 0.4692504023437501 0.441986228515625 0.4384152480468751 0.26139328125000005 0.34259172073439736 0.27775456941041254 0.37342687503127237 0.4583475166760375
14 0.5975630945494519 0.654555950386123 0.559792158203125 0.47081862304687494 0.4633610753724231 0.490641989067002 0.50113201171875 0.6743793164062502
7 0.7941023339843749 0.7796917324218748 0.77340153202396 0.6437929854841692 0.6308254968870912 0.6655109066142469 0.6515262988475061 0.8014096535519526
7 0.3171896152708459 0.8403565086679556 0.292723521484375 0.7161359160156249 0.16155950972915414 0.7419695635976692 0.186025603515625 0.86619015625
0 0.20995995734477718 0.28754049695023487 0.17562978124999998 0.11028051562499999 0.0830213356239728 0.12821611633101512 0.11735151171875 0.30547609765625
0 0.3507075381868317 0.2581161755346156 0.321381810546875 0.07732970898437502 0.22460889345379323 0.09302743384038444 0.25393462109375 0.27381390039062503
0 0.5049705184284691 0.22372323136314715 0.47224437304687505 0.03638803320312502 0.3732172003215311 0.05368738582435291 0.40594334570312507 0.24102258398437504
0 0.645311381596348 0.19179339048255428 0.614653859375 0.001828429687499994 0.5139380867906055 0.01808245897334032 0.5445956090119537 0.2080474197683946
15 0.6347947364708971 0.41097344234595373 0.60417687890625 0.226668185546875 0.5043925740759779 0.24324493265404631 0.535010431640625 0.42755018945312506
14 0.4305178919029866 0.6760536456377892 0.39608416992187495 0.4979815332031251 0.29893123114388825 0.5167679520184608 0.3333649531249999 0.694840064453125
18 0.16511883444917344 0.2886607281630459 0.12413518750000005 0.28166695117187507 0.11800937453520163 0.31756431480570424 0.15899302148437502 0.32455809179687506
3 0.6288845372499419 0.5707168121323358 0.60195412890625 0.5490454433593749 0.5769771033750581 0.580083699586414 0.60390751171875 0.601755068359375
20 0.1062398136314434 0.8138256328536742 0.06608763523565603 0.8119885319851483 0.06340850738771298 0.8705442820469572 0.10356068578350035 0.8723813829154831
4 0.5477496193801646 0.3945897307805337 0.538345020044553 0.3576789743781033 0.5110429553518883 0.36463534711319456 0.5204475546875 0.401546103515625
20 0.34932647278295176 0.1444863082450875 0.315168705078125 0.13846062304687504 0.3066029315139232 0.18701737534866256 0.34076069921874996 0.19304306054687503