0 0.31367227734375 0.006826753906250042 0.21961201721573603 -0.0010363412645829247 0.20408564120477793 0.1846939512865333 0.2981459013327919 0.19255704645736624
0 0.46605654101562505 0.04378295703125006 0.3707230143515448 0.028236460431733112 0.34154135156250004 0.20718293945312502 0.4368748782265803 0.22272943605264198
0 0.623767986328125 0.04928608593750007 0.5260209709887534 0.03324440997371675 0.4954840034354029 0.21931583060296678 0.5932310187747745 0.23535750656675009
0 0.7721386484375001 0.062405169921875114 0.6710530213915255 0.044036138246720355 0.6363196542243718 0.23517545694356326 0.7374052812703464 0.25354448861871803
15 0.3512521111392499 0.2866269295987466 0.25960357928998257 0.2688122596124256 0.22564258143198263 0.44352644720117906 0.31729111328125 0.4613411171875
15 0.5186958691406253 0.2541956679687501 0.42209087553188096 0.23793983822026143 0.39169342045375594 0.41858555111088647 0.4882984140625002 0.4348413808593751
14 0.399521359488453 0.472077325594229 0.30651778079883096 0.45719549139936805 0.2782164486541279 0.6340638220551391 0.37122002734375004 0.64894565625
14 0.564912990234375 0.48956085156250007 0.46663569027032276 0.4768971011957097 0.44320313671875006 0.6587459238281251 0.5414804366828024 0.6714096741949154
7 0.2325271347656251 0.634563865234375 0.10430483526774371 0.6143598392165011 0.0841151340958687 0.7424912278883762 0.21233743359375007 0.7626952539062501
7 0.7133254610739601 0.7248767762634495 0.5716868828125002 0.69734502734375 0.5461670643166654 0.8286331202209256 0.6878056425781253 0.8561648691406251
21 0.3693080956818216 0.7601448515650544 0.34551930011516746 0.7465073712402994 0.3192757942770959 0.7922857247533702 0.34306458984375005 0.8059232050781252
2 0.3981262680144723 0.7720232927671662 0.3919276582031249 0.7284313066406252 0.35905428471990253 0.7331057716859588 0.3652528945312499 0.7766977578124998
9 0.43736942193544326 0.8605040672012304 0.40816600894490507 0.8528257861204673 0.39468771200946184 0.9040888575911121 0.42389112500000004 0.9117671386718752
20 0.5632571598576315 0.7275332243513506 0.5524413203125 0.6831235488281251 0.5246006956111186 0.6899040471330246 0.5354165351562501 0.7343137226562501
10 0.09189317404858506 0.45309097893079253 0.05033094385417449 0.45302993929798036 0.05026057130587023 0.5009470042808081 0.09182280150028081 0.5010080439136203
21 0.5793119847528619 0.005809870626358555 0.5520098747162201 0.0056086457988617396 0.5518113236205754 0.032547984888478605 0.5791134336572172 0.03274920971597542
4 0.5044959570312502 0.6224492734375002 0.48138526168211904 0.6141389278471192 0.46886185275437514 0.6489659618511779 0.49197254810350627 0.657276307441559
21 0.3001226522364642 0.5293281644121843 0.2714563260219711 0.5102671970645685 0.24470486458520463 0.550499474171779 0.27337119079969774 0.5695604415193951
13 0.32640813977545363 0.6788907353590277 0.3222148271264173 0.6309654447489891 0.2883132439915887 0.6339317269680864 0.292506556640625 0.681857017578125
21 0.41578316690485984 0.5567528741578548 0.39562155517661557 0.5389096994919663 0.3685313531155057 0.5695198429122367 0.38869296484375 0.5873630175781251
15 0.7084168173660612 0.32931056872535597 0.613346273968622 0.2934366417009886 0.5453611304306858 0.47360605930375765 0.640431673828125 0.509479986328125
4 0.5993447852085514 0.4706743284691712 0.5795821640624998 0.45048922851562506 0.5542114901820734 0.4753288883277039 0.5739741113281249 0.49551398828125004
3 0.4177679333357416 0.3927347854161267 0.39037732383103196 0.3705699683057763 0.3632965308738683 0.40403559183312676 0.39068714037857794 0.42620040894347716
5 0.3075221274656551 0.35412211736611543 0.275625708984375 0.34005143945312505 0.2600871889405949 0.3752752673995096 0.291983607421875 0.3893459453125
10 0.27451949023437505 0.592418728515625 0.24090891498036843 0.5872517135777938 0.23485495117187502 0.626631744140625 0.2684655264258816 0.6317987590784562