0 0.32230771484375004 0.00364999804687504 0.22839901063072823 -0.005853476371733529 0.20963356093898197 0.17957755515458254 0.3035422651520037 0.18908102957319112
0 0.4740237949218751 0.04326004492187505 0.3789761120979216 0.026052117904377704 0.34667584960937503 0.20446205078125002 0.4417235324333285 0.22166997779874736
0 0.631615177734375 0.05151478125000007 0.5341630158073376 0.033769628877504676 0.5003833072285396 0.21927976489479495 0.5978354691555771 0.23702491726729036
0 0.779734283203125 0.06722129296875008 0.6789846359024156 0.04709087086815901 0.6409207165001296 0.23759489683939555 0.741670363800839 0.2577253189399866
15 0.36798242773437506 0.24895874218750008 0.27550641902009043 0.2309625541409726 0.24082517898281253 0.40917710978006905 0.33330118769709716 0.4271732978265965
15 0.5229828984375001 0.2545593925781251 0.4266763222912317 0.23662004948215676 0.3931307949474817 0.41670774088840673 0.4894373710937501 0.43464708398437507
15 0.69482633984375 0.2774120371093751 0.596507667945458 0.2573732654280561 0.559691133790218 0.43801072163580324 0.65800980568851 0.4580494933171222
14 0.4000239838548082 0.47032798617299487 0.3072942942062322 0.45382528090682067 0.27591049199204914 0.6301727459057007 0.36864018164062506 0.6466754511718749
14 0.56508529296875 0.49069533007812505 0.46704397284134 0.47631833307378324 0.4404412890625 0.65773050390625 0.53848260918991 0.6721075009105918
7 0.23021941015625008 0.6298753261718751 0.10236924659051821 0.6074365882572157 0.07994641846551821 0.7351961019290907 0.20779658203125007 0.7576348398437501
7 0.7093683293282474 0.7285655685598901 0.5682318203125001 0.698566078125 0.5404245944998778 0.8293887927682351 0.6815611035156252 0.8593882832031251
21 0.3647878463238453 0.7578243418750006 0.3412406809845583 0.7437737667787099 0.31420222919196306 0.7890871358412094 0.3377493945312501 0.8031377109375
2 0.3933943232855917 0.7702039199336753 0.387957443359375 0.7265103925781251 0.3550074950737834 0.7306104257694499 0.36044437500000004 0.7743039531250001
9 0.4310872965575837 0.8593561057630996 0.40202233511588625 0.8511693252572964 0.38765142918330253 0.9021893601191969 0.416716390625 0.9103761406250002
20 0.5592765247005628 0.7286025575230223 0.54923738671875 0.6840108847656251 0.5212826647525624 0.6903044659144779 0.5313218027343751 0.7348961386718751