0 0.2824328562686308 0.23088651747941702 0.27932083398437507 0.05041111132812501 0.18510698280335205 0.05203568506154059 0.1882190050876078 0.2325110912128326
0 0.5393520839843751 0.04012314843750007 0.43918583342090783 0.03682093506337052 0.4330129154521578 0.22406445264149552 0.5331791660156251 0.22736666601562505
0 0.6875000000000001 0.03600833398437509 0.5849657231039742 0.031783057730367846 0.5772497504477242 0.2190256495272428 0.6797840273437501 0.22325092578125005
15 0.33729570924544544 0.2604993342548717 0.24122586657348216 0.25508480703124303 0.2310905733436618 0.4349151016826213 0.32716041601562507 0.44032962890625
15 0.47917727781744324 0.25898413956438027 0.379629861328125 0.2551444453125001 0.37267480616693177 0.43546030574811984 0.47222222265625 0.4393
15 0.628086111328125 0.25720185156250003 0.5262332783796159 0.25634362736228683 0.5246902217389909 0.43947140470603685 0.6265430546875 0.44032962890625005
14 0.40663611132812505 0.6532925917968752 0.4035388266462657 0.4736719765894634 0.30788810119162424 0.47532132806516847 0.31098538587348357 0.6549419432725803
7 0.28151424973787603 0.6895051190231267 0.1466048613281251 0.6820990742187502 0.1397822776058742 0.8063800665237485 0.2746916660156251 0.8137861113281251
7 0.7479126861386319 0.6944572775533452 0.6035703507991809 0.693411419526565 0.602571553332424 0.8312587708794699 0.746913888671875 0.83230462890625
16 0.5213706181581772 0.761247895354693 0.5000000000000001 0.7314814824218752 0.4655120205136979 0.7562419210515573 0.486882638671875 0.7860083339843751
4 0.2942486806816548 0.4272506825475529 0.25925902734375006 0.41975277734375005 0.2510083589040166 0.45825526846164827 0.28599801224192134 0.4657531736654511
14 0.5703738718790391 0.4796436145957396 0.47122865033132605 0.47418240198580064 0.461040194467912 0.6591480471556861 0.5601854160156251 0.6646092597656251
0 0.40664755934483304 0.2526690610352509 0.405863888671875 0.069959259765625 0.30785429266251174 0.07037963812260027 0.3086379633354698 0.25308943939222617
17 0.3983928023426408 0.3621835166712688 0.36419722265625 0.358025 0.35932317031360916 0.3981044462193562 0.39351875 0.402262962890625
19 0.5467494823911959 0.6100801967499103 0.5316361113281249 0.572016666015625 0.5049747879107759 0.5826027169169933 0.5200881589738469 0.6206662476512786
3 0.4776236113281249 0.659464814453125 0.44859672034644016 0.6512271961032452 0.43779394300269026 0.6892929363376202 0.466820833984375 0.6975305546875
16 0.48564431753688647 0.21448932005795246 0.459876388671875 0.20576111132812508 0.44645429379123863 0.24538660572329768 0.4722222226562501 0.2541148144531251
3 0.2989039539028254 0.5111437342094286 0.2970680546875 0.46707777734375006 0.2637324209397484 0.46846662415868306 0.2655683201550738 0.5125325810243616
5 0.428720224348496 0.5355673084742485 0.41435208398437495 0.49485555468750003 0.3868665822921289 0.5045558380101267 0.40123472265624993 0.5452675917968752
20 0.33195492096920204 0.5950459848584824 0.29797434030655956 0.5942239461323994 0.2968826011024299 0.6393531242494322 0.33086318176507235 0.6401751629755152
2 0.6439733506858325 0.9786540740841825 0.6342590273437501 0.942387037109375 0.6074156704406588 0.9495771764285779 0.6171299937827412 0.9858442134033853