0 0.2824328562686308 0.23088651747941702 0.27932083398437507 0.05041111132812501 0.18510698280335205 0.05203568506154059 0.1882190050876078 0.2325110912128326
0 0.4066554883760907 0.23682745126849647 0.40509236132812493 0.0545268515625 0.3078420063676033 0.055360719692984624 0.3094051334155691 0.23766131939898108
0 0.5393520839843751 0.04012314843750007 0.43918583342090783 0.03682093506337052 0.4330129154521578 0.22406445264149552 0.5331791660156251 0.22736666601562505
0 0.6875000000000001 0.03600833398437509 0.5849657231039742 0.031783057730367846 0.5772497504477242 0.2190256495272428 0.6797840273437501 0.22325092578125005
15 0.33729570924544544 0.2604993342548717 0.24122586657348216 0.25508480703124303 0.2310905733436618 0.4349151016826213 0.32716041601562507 0.44032962890625
15 0.47917727781744324 0.25898413956438027 0.379629861328125 0.2551444453125001 0.37267480616693177 0.43546030574811984 0.47222222265625 0.4393
15 0.628086111328125 0.25720185156250003 0.5262332783796159 0.25634362736228683 0.5246902217389909 0.43947140470603685 0.6265430546875 0.44032962890625005
14 0.40663611132812505 0.6532925917968752 0.4035388266462657 0.4736719765894634 0.30788810119162424 0.47532132806516847 0.31098538587348357 0.6549419432725803
14 0.5672226283062822 0.4656748604592564 0.4690185912150906 0.46192977805060575 0.46198137892443353 0.6464604722788495 0.5601854160156251 0.6502055546875001
7 0.28151424973787603 0.6895051190231267 0.1466048613281251 0.6820990742187502 0.1397822776058742 0.8063800665237485 0.2746916660156251 0.8137861113281251
7 0.7479126861386319 0.6944572775533452 0.6035703507991809 0.693411419526565 0.602571553332424 0.8312587708794699 0.746913888671875 0.83230462890625
16 0.5213706181581772 0.761247895354693 0.5000000000000001 0.7314814824218752 0.4655120205136979 0.7562419210515573 0.486882638671875 0.7860083339843751
4 0.2942486806816548 0.4272506825475529 0.25925902734375006 0.41975277734375005 0.2510083589040166 0.45825526846164827 0.28599801224192134 0.4657531736654511