0 0.241899239739043 0.24978290262889713 0.227623611328125 0.06790092578125001 0.133100760260957 0.07531987471485288 0.147376388671875 0.2572018515625
0 0.3951559551274996 0.24528093358251715 0.388117361328125 0.059670371093749994 0.29080099018500033 0.06336073438623284 0.29783958398437493 0.24897129687499997
0 0.5387377745630726 0.2296698708035034 0.533179166015625 0.0390944453125 0.43573976705120304 0.04193650889203197 0.44129837559865065 0.23251193438303538
0 0.6968062907809448 0.2209642624996375 0.6944444453125 0.02674907421874999 0.5910020432034302 0.028007034375362505 0.593363888671875 0.22222222265625
15 0.31104885639202007 0.46306242768825095 0.30324097265625005 0.279835185546875 0.209012950248605 0.2838505352023741 0.21682083398437502 0.46707777734375006
15 0.4614194453125 0.448559259765625 0.459104861328125 0.265432408203125 0.3618981674756522 0.2666610268073617 0.3642127514600272 0.44978787836986167
15 0.6250400467210014 0.43986418762258117 0.620370138671875 0.254114814453125 0.5200217579664985 0.2566376639399189 0.524691666015625 0.44238703710937505
14 0.3873825566717331 0.6740498848115245 0.38194444531250005 0.4948555546875001 0.28622855465639196 0.4977602987822258 0.291666666015625 0.6769546289062502
14 0.55324097265625 0.6584361113281249 0.549382638671875 0.47530833398437494 0.45145403361404124 0.4773715997019937 0.4553123675984163 0.6604993770457437
7 0.2709203891681988 0.8212896638784423 0.26620347265625 0.693415740234375 0.13494349950367618 0.6982575587778076 0.139660416015625 0.8261314824218748
7 0.7600305546874999 0.829218517578125 0.7571597410520835 0.6964304767280994 0.613402364615213 0.699538442127881 0.6162731782506294 0.8323264829779066
6 0.7890289206523029 0.5931265303237216 0.7700618046874999 0.5545268515625 0.7418356613789467 0.5683966181137783 0.7608027773437498 0.6069962968749999