0 0.39464134375 0.01037870117187506 0.30283493884735796 -0.010836933112923386 0.2621935690773209 0.1650304484048415 0.3539999739799629 0.18624608268963994
0 0.515681232421875 0.04479907226562506 0.4211178969688306 0.02208118083747146 0.3785320864766465 0.1993448276793424 0.47309542192969084 0.22206271910749598
0 0.649437439453125 0.0633035878906251 0.5530454315776003 0.03586705456989092 0.5017575682963503 0.21605527527301593 0.5981495761718751 0.24349180859375008
0 0.79418019140625 0.09515122460937508 0.6957138072696418 0.06624617066454189 0.6429289498477668 0.24606019410204186 0.741395333984375 0.27496524804687505
15 0.40006917676032255 0.22825179553971892 0.30816291063392043 0.19975670506564613 0.254823794420473 0.3717933235884273 0.3467300605468751 0.40028841406250004
15 0.53810281500757 0.26110586771942573 0.4424412890625 0.23329752929687503 0.3920704740549301 0.4065746576711994 0.48773200000000005 0.43438299609375003
15 0.6830195957031251 0.2954008281250001 0.5843998511213057 0.2699276658170899 0.5386000093244306 0.4472424665983399 0.6372197539062501 0.47271562890625013
14 0.4127734607890151 0.45111796167935214 0.3195649564072955 0.42957831586179135 0.2791160796026555 0.6046127311355642 0.3723245839843751 0.6261523769531251
14 0.5735298317854239 0.4829570897718983 0.4791488927081873 0.45556554546596356 0.42767869959463845 0.6329124342096903 0.5220596386718751 0.6603039785156251
7 0.24215877190955035 0.6310195209727497 0.11304845312500009 0.591195931640625 0.07636223590294983 0.7101347134022503 0.2054725546875001 0.749958302734375
7 0.6935051449341714 0.7486565710056081 0.5537034098250131 0.7127222094584922 0.519385989500217 0.8462332751716344 0.6591877246093752 0.8821676367187502