0 0.19406479089040357 0.2958679466690319 0.135786287109375 0.118835673828125 0.04613100565255159 0.1483499289157619 0.10440950943358016 0.32538220175666877
0 0.33355477802321926 0.269436050001894 0.2904966796874999 0.09331276367187501 0.1966672063517807 0.11625191484185599 0.23972530468749997 0.29237520117187504
0 0.48241554576122075 0.21996703770033876 0.43782107617187505 0.03675565039062499 0.34157649238641963 0.06018201175267428 0.38617096197576534 0.24339339906238805
0 0.622234873505595 0.18037487202861888 0.5801011388673973 -0.006576070397996472 0.47987397378138097 0.016012447864919982 0.5220077084195787 0.20296339029153532
15 0.31996755950528943 0.5214382157021282 0.282748865234375 0.34633801953125 0.19066985455721053 0.3659100167197467 0.22788854882812498 0.5410102128906249
15 0.4637691328124999 0.444593349609375 0.42116623437499995 0.266430861328125 0.3258892109613028 0.2892138690817736 0.3684921093988028 0.46737635736302363
15 0.6272863320218908 0.3974079273681381 0.5874480371093751 0.217412767578125 0.48947895711552447 0.2390962456541805 0.5293172520280401 0.41909140544419365
14 0.43965511523437495 0.6874235429687501 0.3966919250602856 0.513534246815319 0.3052547453727857 0.5361258210340689 0.348217935546875 0.7100151171875
14 0.605158039513477 0.6415757377041789 0.555673822265625 0.4650271875 0.4602609682990229 0.49177014510832123 0.509745185546875 0.6683186953125
7 0.33784842382812497 0.8542109765625 0.306368220703125 0.728376666015625 0.18044462855572374 0.7598792048844113 0.2119248316807237 0.8857135154312863
7 0.8120407050781249 0.75446998046875 0.7814172083890154 0.621734739742255 0.6416630278051033 0.6539775839407993 0.6722865244942129 0.7867128246672943
21 0.48134415906159056 0.7905299920330637 0.45411786904066476 0.7872716481771064 0.4478476220884493 0.8396650018471677 0.4750739121093751 0.8429233457031251
2 0.5125127040303759 0.7902039991972549 0.48977410742187494 0.752499353515625 0.46134046589149896 0.769646871896495 0.4840790624999999 0.807351517578125
9 0.590831650390625 0.908771755859375 0.5832084098861857 0.8563174592108315 0.553326383026239 0.8606602469721428 0.5609496235306783 0.9131145436206863
20 0.6471328368620476 0.6847288947953684 0.619824560546875 0.6480756582031251 0.5968464814973273 0.6651953395796318 0.6241547578125 0.7018485761718751
3 0.41304852149822313 0.4501197582535431 0.3819043731103374 0.4372812449643433 0.3666993730964893 0.47416610585142516 0.397843521484375 0.48700461914062504
10 0.12466478262537778 0.6604154469619387 0.10600687187936592 0.6162800595549639 0.06772478655906963 0.6324635298503763 0.0863826973050815 0.6765989172573511
21 0.3901418432553963 0.03924272954609123 0.3799250647528846 0.014111815130615019 0.3546265664110006 0.024396723579708998 0.3648433449135123 0.04952763799518521
4 0.554063442247141 0.6479101776426901 0.55198329296875 0.6109584394531251 0.5274626755462118 0.612338795212725 0.5295428248246028 0.64929053340229
21 0.32312302727511155 0.6020227984444305 0.28927773957932945 0.5996023143203395 0.2857310063819434 0.6491957837634795 0.3195762940777255 0.6516162678875705
4 0.5806723842600678 0.42323002317694614 0.553708478515625 0.41495834960937505 0.5420812290211823 0.45286072291680396 0.5690451347656251 0.4611323964843751