15 0.37782332812500014 0.24687481445312504 0.2851563152763145 0.225868458329099 0.244429357421875 0.405530533203125 0.3370963702705606 0.42653688932715106
15 0.5322832617187501 0.25569764843750004 0.4373081869451971 0.23497144540002662 0.3982467357733221 0.41396536141565166 0.49322181054687503 0.4346915644531251
14 0.5663698593750001 0.49534203515625014 0.46953455392974075 0.4775982205812167 0.43572594140625015 0.66210574609375 0.5325612468515094 0.6798495606687833
7 0.7021159271737062 0.7402384547674488 0.5600131582031251 0.7026367480468753 0.525809799388794 0.8318966253106769 0.6679125683593751 0.8694983320312504
7 0.22685065625000006 0.622750595703125 0.09541204946914056 0.5976748014942254 0.07168637683784956 0.7220365397353575 0.20312498361870907 0.7471123339442571
0 0.34524066015625005 0.01714716406250004 0.2526568108306264 -0.000914971107332116 0.21808443750000003 0.17629793164062502 0.31066828682562364 0.19436006681045714
0 0.49272317578125 0.04119537890625008 0.3985365263608 0.019820564230220536 0.35661908340323256 0.2045268910117864 0.4508057328236826 0.22590170568781592
0 0.64793753125 0.0597490292968751 0.5496406827788867 0.038692477579157544 0.5098068359375 0.2246460781250001 0.6081036844086134 0.24570262984271765
0 0.7929235625000001 0.08105345507812507 0.6934526566678954 0.05839513499668571 0.6507156877263129 0.2460120897337677 0.7501865935584177 0.26867040981520707
15 0.6989830195312501 0.2855965000000001 0.6002548629383492 0.2635863344270481 0.5596012832031251 0.4459408457031251 0.658329439796026 0.467951011276077
14 0.4044070527343751 0.45920095507812503 0.3072909006629741 0.440225287156654 0.2725103027343751 0.6182299746093751 0.3696264548057761 0.6372056425308461
18 0.2686726754543015 0.178600948179283 0.23329321484375004 0.1567636855468751 0.21416607063944848 0.18775237018009222 0.24954553125 0.20958963281250012
3 0.5930086773188192 0.6138484844739156 0.576157474609375 0.5836668320312501 0.5413720453374307 0.6030884432604596 0.558223248046875 0.6332700957031251
20 0.49347571213631414 0.11393014966357823 0.4640624433593751 0.09554750585937505 0.437930715598061 0.13735974682079682 0.4673439843750001 0.155742390625
4 0.48811778395897243 0.706223560913313 0.486130587890625 0.6640701210937501 0.4549766515879025 0.6655387789304371 0.45696384765625 0.70769221875
4 0.627794059437179 0.4273737928435246 0.600756970703125 0.42121182421875003 0.5916073376307893 0.4613579944323029 0.6186444263648434 0.46751996305707755
18 0.4065715000000001 0.7248163476562501 0.3749279849182283 0.7213588268055268 0.370090148431939 0.7656351040650026 0.40173366351371076 0.7690926249157259
6 0.3385318020932916 0.8509929259650599 0.3093326359914905 0.8437127576838819 0.2971370865593309 0.8926264448156762 0.32633625266113186 0.8999066130968543
21 0.6082587644654776 0.6687441750379657 0.579949048828125 0.6609539277343751 0.5691973300268218 0.7000256144236252 0.5975070456641743 0.7078158617272159
2 0.4314345413007701 0.4248663515515758 0.42101665052313797 0.3912503927649773 0.3854905994567429 0.4022602384790265 0.395908490234375 0.43587619726562493