0 0.34024858203125014 0.014842302734375055 0.24673865852059101 -0.0008262706278809942 0.21658900585937502 0.17910662109375003 0.31009892937003414 0.19477519445600608
0 0.4979661328125001 0.04568318359375007 0.4026476926542451 0.02572096602380746 0.36457395117187497 0.207520890625 0.45989239133012993 0.2274831081949426
0 0.643696748046875 0.060812076171875104 0.5484641596145841 0.03999699465933039 0.5077532859211865 0.22625626425795034 0.6029858743534775 0.24707134577049505
0 0.8031583750000001 0.08784701757812512 0.7024843273222828 0.06404262932964343 0.6577911093750001 0.2530601796875001 0.7584651570527173 0.2768645679359818
15 0.36234824609375005 0.23877470507812507 0.2699477975018354 0.21987495988845263 0.23319707226562508 0.39954846679687506 0.32559752085753974 0.41844821198654747
15 0.517066658203125 0.26250663867187507 0.422450189096734 0.24018233434173783 0.38039362464360893 0.41842948473236286 0.47501009375000003 0.4407537890625001
15 0.6762796406250001 0.2905388281250001 0.5783017030986068 0.26871026782719043 0.5378960546875 0.4500718437500001 0.6358739922138933 0.47190040404780975
14 0.38669575390625005 0.466448142578125 0.2931203137684003 0.4461108336615468 0.255045857421875 0.6212979257812501 0.3486212975597248 0.6416352346978283
14 0.55388921875 0.48798852343750004 0.4583703627894019 0.4662994274117729 0.41781146825815196 0.6449209430367728 0.51333032421875 0.6666100390625
7 0.22635672656250005 0.6311099667968749 0.096204620599736 0.6051655035769076 0.0714656953125001 0.7292699492187501 0.20161780127526416 0.7552144124387175
7 0.7010086392013902 0.7525656828162987 0.5615216094646762 0.72209831701851 0.5331743374507861 0.8518790404522115 0.6726613671875001 0.8823464062500002
6 0.7579141801135951 0.6602826981348906 0.748848576171875 0.6182410351562501 0.7181054702770299 0.6248702881932344 0.72717107421875 0.666911951171875
17 0.5163963105468751 0.3863948457031251 0.48944364945585295 0.37967479157527323 0.47948811402721275 0.41960425751152064 0.5064407751182349 0.42632431163937257