0 0.28811693945312505 0.01725426953125004 0.19377406272532896 0.014324684612912338 0.18798933853799296 0.20061302788435822 0.282332215265789 0.20354261280269592
0 0.44222650390625007 0.04618465039062506 0.3462099896912083 0.03564883112544411 0.32643365429687504 0.21587732031250007 0.4224501685119168 0.22641313957768103
0 0.6000098222656252 0.04342625781250009 0.5015572101627992 0.03252225029680703 0.48080031886391567 0.21993684667968727 0.5792529309667416 0.2308408541953803
0 0.7488637480468752 0.04876224218750008 0.6469552939476909 0.03570879684635579 0.6222729854344312 0.2284039695343761 0.7241814395336155 0.24145741487552042
15 0.340288881059598 0.29470421254555906 0.24783360351562506 0.281710470703125 0.2230629822216521 0.45796259995444105 0.31551825976562503 0.47095634179687507
15 0.5058058417968752 0.2535540683593751 0.4084824763226654 0.24237643184880303 0.3875809470257903 0.4243654572394281 0.4849043125000001 0.43554309375000017
14 0.3981977006721639 0.477374237640306 0.30454272486541367 0.4673802312171653 0.2855367546619998 0.6454873490456093 0.3791917304687501 0.65548135546875
14 0.5642776875000001 0.4861778750000001 0.46547230149171115 0.4786749162513057 0.4515890937500001 0.6615008847656251 0.5503944797582889 0.6690038435143194
7 0.23993622656250013 0.6483778984375002 0.11083225303911624 0.6349121968219461 0.09737609874224126 0.763924634321946 0.22648007226562514 0.7773903359375001
7 0.7248022488725198 0.7134039990478334 0.5819168808593751 0.6933227695312502 0.5633031222212304 0.8257665400146669 0.706188490234375 0.8458477695312501
21 0.3831021330577372 0.7666282164449791 0.3586322096544112 0.7542544361805155 0.334820523862299 0.8013435322355364 0.359290447265625 0.8137173125000001
2 0.41250248047851445 0.7769821558349782 0.404030939453125 0.733774318359375 0.3714472617089855 0.7401628343993968 0.37991880273437495 0.783370671875
9 0.4563225797405248 0.8632878388743582 0.42675733804259697 0.857148469133524 0.41598041455207213 0.909046686899791 0.44554565625 0.9151860566406251
20 0.5750786377599073 0.7239107718530766 0.561953396484375 0.680128017578125 0.5345057899744678 0.6883562906469234 0.54763103125 0.732139044921875
10 0.09243494994063049 0.5223690076713591 0.08999744134693724 0.47451392868532427 0.048488975951494206 0.4766281711702638 0.05092648454518746 0.5244832501562986
21 0.554355368493715 0.029456090404256285 0.5533500160769063 0.0023464110597569317 0.5260595581151625 0.003358467584624117 0.5270649105319712 0.03046814692912347
4 0.510898296875 0.6220461601562501 0.48738434356573374 0.6149567238168985 0.47670080349442656 0.6503914537995878 0.5002147568036929 0.6574808901389395
21 0.2988961608005106 0.5353745815388544 0.2679198480559414 0.5215243021533164 0.24762504536961413 0.5669138670567809 0.2786013581141833 0.580764146442319
13 0.33600845973055044 0.6877306678275599 0.32931267573614464 0.640090517231203 0.29561279608371915 0.644827007606768 0.302308580078125 0.6924671582031249
21 0.41886879997949544 0.5610826650026348 0.3978009785311555 0.5443191199899862 0.3723499129266601 0.5763051053779764 0.39341773437500005 0.5930686503906251
15 0.6991979937368047 0.3186367988997789 0.6023802434923434 0.287787643941587 0.5439176110836639 0.47126821418243325 0.6407353613281251 0.5021173691406251
4 0.5976738488328961 0.46551521646401783 0.57688190625 0.44639207421875016 0.5528460105421039 0.4725254866609823 0.573637953125 0.49164862890625
5 0.30015125298560374 0.3643955484016536 0.26756214648437504 0.3520134863281251 0.25388839545189634 0.3880022680045966 0.28647750195312505 0.40038433007812513
10 0.2796653261718751 0.604092810546875 0.24583039359561837 0.6006919175397112 0.24184571679687508 0.6403348203125001 0.27568064937313186 0.643735713319664
1 0.31400796105744033 0.5200636402786832 0.307448990234375 0.48956160351562517 0.2737681834738096 0.496804117533817 0.280327154296875 0.5273061542968751
18 0.4711036009701548 0.44503271771895847 0.45309728515625003 0.41237239453124996 0.4260685591860952 0.42727389360916657 0.444074875 0.4599342167968751