0 0.20990323386178078 0.2863882736868552 0.17577307812500004 0.11130012499999999 0.08302481177818935 0.1293796626413202 0.1171549675149701 0.3044678113281754
0 0.35585482069543223 0.2556126712243076 0.321095474609375 0.07529232421874998 0.22599750441514388 0.09362382874918969 0.2607568505012011 0.2739441757547473
0 0.5050590934637316 0.21954635042009313 0.4731515625 0.03729934960937499 0.3748544750732979 0.05450905592421092 0.40676200603702944 0.23675605673492905
0 0.6467035410639268 0.1900461804575188 0.6154178789062499 0.001721052734374992 0.5139857257645268 0.018571550134715883 0.5452713879222038 0.2068966778578597
15 0.32597953305574257 0.4747477621119382 0.291420828125 0.296596322265625 0.19709541553425836 0.3148940363004153 0.23165412046500092 0.4930454761467285
15 0.4692504023437501 0.441986228515625 0.4384152480468751 0.26139328125000005 0.34259172073439736 0.27775456941041254 0.37342687503127237 0.4583475166760375
15 0.634534478515625 0.409406810546875 0.606612791015625 0.227364654296875 0.5058948616397231 0.24281280437162447 0.5338165491397231 0.4248549606216244
14 0.43031326627415056 0.6749960638821568 0.3976122109375 0.49776678125 0.3034343294289744 0.5151437974459682 0.336135384765625 0.6923730800781249
14 0.5904006060773138 0.6441071008033187 0.5612250800781251 0.4643834238281251 0.46293184704768636 0.4803399011498066 0.49210737304687513 0.6600635781250002
7 0.7941023339843749 0.7796917324218748 0.77340153202396 0.6437929854841692 0.6308254968870912 0.6655109066142469 0.6515262988475061 0.8014096535519526
7 0.3171896152708459 0.8403565086679556 0.292723521484375 0.7161359160156249 0.16155950972915414 0.7419695635976692 0.186025603515625 0.86619015625
19 0.3938462436912717 0.901588159391205 0.36591838085937495 0.88765915234375 0.3426182289649783 0.9343762976400452 0.37054609179687503 0.9483053046875001
5 0.4401189891911021 0.5794082253824093 0.41502015145385823 0.5679311231088279 0.3984352970283812 0.6041999094451687 0.42353413476562507 0.6156770117187501
18 0.8736524765624999 0.9077267050781249 0.8701001686215448 0.8529611305210612 0.8346271146640245 0.8552620506206381 0.8381794226049796 0.9100276251777017
4 0.32789349605086016 0.49596223388769234 0.3142824164326151 0.4599037684930575 0.2847734553841025 0.4710425902340059 0.29838453500234746 0.5071010556286408