0 0.32230771484375004 0.00364999804687504 0.22839901063072823 -0.005853476371733529 0.20963356093898197 0.17957755515458254 0.3035422651520037 0.18908102957319112
0 0.4740237949218751 0.04326004492187505 0.3789761120979216 0.026052117904377704 0.34667584960937503 0.20446205078125002 0.4417235324333285 0.22166997779874736
0 0.631615177734375 0.05151478125000007 0.5341630158073376 0.033769628877504676 0.5003833072285396 0.21927976489479495 0.5978354691555771 0.23702491726729036
0 0.779734283203125 0.06722129296875008 0.6789846359024156 0.04709087086815901 0.6409207165001296 0.23759489683939555 0.741670363800839 0.2577253189399866
15 0.35499863869025283 0.2840634178979538 0.2636749758640614 0.2646519744609173 0.22666996803318357 0.43874685148483855 0.31799363085937493 0.458158294921875
15 0.5229828984375001 0.2545593925781251 0.4266763222912317 0.23662004948215676 0.3931307949474817 0.41670774088840673 0.4894373710937501 0.43464708398437507
14 0.4000239838548082 0.47032798617299487 0.3072942942062322 0.45382528090682067 0.27591049199204914 0.6301727459057007 0.36864018164062506 0.6466754511718749
14 0.56508529296875 0.49069533007812505 0.46704397284134 0.47631833307378324 0.4404412890625 0.65773050390625 0.53848260918991 0.6721075009105918
7 0.23021941015625008 0.6298753261718751 0.10236924659051821 0.6074365882572157 0.07994641846551821 0.7351961019290907 0.20779658203125007 0.7576348398437501
7 0.7093683293282474 0.7285655685598901 0.5682318203125001 0.698566078125 0.5404245944998778 0.8293887927682351 0.6815611035156252 0.8593882832031251
21 0.3647878463238453 0.7578243418750006 0.3412406809845583 0.7437737667787099 0.31420222919196306 0.7890871358412094 0.3377493945312501 0.8031377109375
2 0.3933943232855917 0.7702039199336753 0.387957443359375 0.7265103925781251 0.3550074950737834 0.7306104257694499 0.36044437500000004 0.7743039531250001
9 0.4310872965575837 0.8593561057630996 0.40202233511588625 0.8511693252572964 0.38765142918330253 0.9021893601191969 0.416716390625 0.9103761406250002
20 0.5592765247005628 0.7286025575230223 0.54923738671875 0.6840108847656251 0.5212826647525624 0.6903044659144779 0.5313218027343751 0.7348961386718751
10 0.09277400661906735 0.4459756780348397 0.05121917090706875 0.4451892861069237 0.050312540261411666 0.4930978240691399 0.09186737597341027 0.49388421599705584
21 0.5879058275916428 0.007249546850887512 0.5606207675781248 0.006974419921875067 0.5603527100655739 0.03355838734113641 0.5876377700790918 0.03383351427014886
4 0.5023582382812501 0.62250908984375 0.47939609782312925 0.6137966724199735 0.46626678108069375 0.6483998371324697 0.4892289215388146 0.6571122545562462
21 0.2989192185095052 0.5243697675311463 0.27001201537894204 0.5058679507561906 0.24369823961148243 0.5469805436704 0.27260544274204557 0.5654823604453557
13 0.3233125048929854 0.6758338947016836 0.3199562431183987 0.6278427202160122 0.28600805463166323 0.6302168860612034 0.28936431640625 0.6782080605468749
21 0.41480552030211604 0.555274445354294 0.3949583847304002 0.5370821177829417 0.3673380870845342 0.5672148091473976 0.38718522265625 0.58540713671875
15 0.7113640147285795 0.3329739379279428 0.6169340355166759 0.29544626604308755 0.5458148586787216 0.4744017421776449 0.6402448378906251 0.5119294140625001
4 0.5998414585509584 0.4724125997848263 0.580434126953125 0.45188566992187507 0.5546338051209166 0.4762787674026739 0.57404113671875 0.4968056972656251
5 0.3100973628104495 0.3507851310685679 0.278451369140625 0.3361599277343751 0.2623004750801756 0.3711072087751822 0.2939464687500001 0.38573241210937503
10 0.27294090234375007 0.588469474609375 0.2394256252945816 0.5827166612809567 0.23268530664062506 0.6219850390625001 0.2662005836897935 0.6277378523909185
1 0.31306145785395967 0.5070406167716494 0.3086461796875 0.4761553515625001 0.27454220620854036 0.48103076799397576 0.278957484375 0.5119160332031251
18 0.47500831593527076 0.44315090211705743 0.45932413085937507 0.4093140839843752 0.4313217680491044 0.42229385764856775 0.44700595312500013 0.45613067578125