0 0.2721185981334128 0.21131970293729652 0.27139842968750005 0.02494295703125 0.17701078362144393 0.025307675301495077 0.17773095206735673 0.2116844212075416
0 0.42642376953125005 0.04847736718750005 0.3300980489755506 0.041298895022009875 0.3166236464843751 0.22210777734375006 0.4129493670400745 0.22928624950924026
0 0.584014705078125 0.04021409765625008 0.4852415233809217 0.03275267943166937 0.47103795218914785 0.22077751276060129 0.5698111338863512 0.228238930985182
0 0.732964177734375 0.04035190429687509 0.6306622431037439 0.030862964014468985 0.6127199341729278 0.22430215329530856 0.715021868803559 0.23379109357771466
15 0.34246467773437506 0.2641335664062501 0.24861414732249157 0.2559023372842312 0.23275138625688974 0.4367657925149074 0.3266019166687732 0.4449970216369263
15 0.49720146679687505 0.2535015742187501 0.3995472962053249 0.24572728269798663 0.3850098235490749 0.42833489793236157 0.48266399414062505 0.43610918945312505
15 0.670492283203125 0.25826650000000007 0.5706175880075697 0.24861460195959492 0.5528844936614036 0.4321108827204537 0.6527591888569589 0.44176278076085884
14 0.3974700910387163 0.48094087148634107 0.30352338090473946 0.47422146313461644 0.2907448347878983 0.6528833787576506 0.38469154492187513 0.6596027871093751
14 0.5637561445312502 0.4839430371093751 0.46474909900812733 0.4798929082336827 0.4572548847656251 0.6630920195312501 0.5562619302887479 0.6671421484069424
7 0.24527296484375016 0.6573636054687501 0.11577769106681063 0.6484117701535229 0.10683220278556063 0.777815229137898 0.23632747656250017 0.7867670644531252
7 0.7321129980464892 0.7054285143329497 0.588613845703125 0.69034614453125 0.5746336464847608 0.8233588450420501 0.718132798828125 0.8384412148437499
21 0.3924785342069261 0.7705454697235579 0.36759167767481077 0.7590332157139712 0.3454378837022597 0.8069246444279135 0.370324740234375 0.8184368984375001
2 0.4222223219456908 0.7798670394991173 0.412248005859375 0.736981181640625 0.37990713117930913 0.7445029644071326 0.38988144726562496 0.7873888222656249
9 0.469027750409401 0.8645908539750012 0.4392662580548164 0.8594870360694125 0.43030712092666557 0.9117297485006612 0.46006861328125015 0.9168335664062501
20 0.5828472747249516 0.7211541659298413 0.568202033203125 0.677856146484375 0.5410583092594234 0.6870373145389087 0.55570355078125 0.730335333984375
3 0.4327180716734119 0.42569158645580196 0.40706554492240216 0.40385736517563775 0.3812066822333653 0.4342383509854608 0.40685920898437505 0.45607257226562503
10 0.09346389410847641 0.5365791958182738 0.08935775354178158 0.48883833668165017 0.04794835971413932 0.49239991464469707 0.05205450028083416 0.5401407737813207
21 0.5379005103617251 0.0278457576263008 0.5359496560723223 0.0007876803373936397 0.5087111435329662 0.0027515437877409926 0.5106619978223691 0.029809621076648155