0 0.225073697772677 0.2683966185307317 0.19814539843750004 0.08795351367187501 0.10437031980544803 0.10194797131301832 0.131298619140625 0.28239107617187503
0 0.3776430469678504 0.2532149663649052 0.357674060546875 0.06854753125000002 0.26085217373527464 0.0790173519944698 0.28082116015625 0.26368478710937504
0 0.5197861341532594 0.2276261722669651 0.5009471972656251 0.037902726562499996 0.40394340811086366 0.04753489540152992 0.422782344998498 0.23725834110599503
0 0.6768623320038649 0.20791546723886978 0.66095847265625 0.014338130859374985 0.5578558008086351 0.02280880424550525 0.57375966015625 0.21638614062500006
15 0.3089324965891092 0.4763329714767088 0.288362345703125 0.29409671093750006 0.19464395458276584 0.30467529414829136 0.21521410546874997 0.4869115546875001
15 0.45792510156249994 0.451375810546875 0.44284187109375 0.26885650390624993 0.34595767174879266 0.2768629265384464 0.3610409022175426 0.45938223317907145
15 0.6261574613401722 0.43097575325903087 0.6029248398437501 0.246317181640625 0.503752483972328 0.2587944459597191 0.5269851054687501 0.443453017578125
14 0.39979799280703293 0.681481704787389 0.3818731640625 0.5031032246093748 0.28659305797421714 0.5126776956032358 0.30451788671875 0.69105617578125
14 0.564163224609375 0.654336265625 0.5475399414062498 0.47192372265625004 0.4499938116503962 0.48081311652089304 0.4666170948535212 0.663225659489643
7 0.2938904491250239 0.8364868029277115 0.28026498828125 0.70925341015625 0.14966250595310113 0.7232396677754134 0.16328796679687496 0.8504730605468749
7 0.782362255859375 0.8102777441406253 0.7702356099138734 0.6780134245190776 0.6270452198808485 0.6911418265529538 0.6391718658263502 0.8234061461745014
6 0.7948210390657375 0.5727380413253962 0.773207548828125 0.5355554667968752 0.7460176699186376 0.5513604020339793 0.7676311601562501 0.5885429765625003
10 0.522630666007701 0.3839001711763528 0.49918921484375 0.355671646484375 0.477437935554799 0.37373428194864733 0.50087938671875 0.4019628066406251
17 0.48190204260296665 0.39279440504165747 0.45497085921667596 0.38966885724022454 0.4504847130980843 0.42832359282356713 0.477415896484375 0.43144914062500006
18 0.2817991695475424 0.7864947329080211 0.27892856270289823 0.7454431266061701 0.24506056904730728 0.7478114065143237 0.2479311758919515 0.7888630128161747
13 0.3384269910048583 0.7892143071095349 0.3324650463077307 0.7396730451682564 0.29823853260547123 0.7437919669290751 0.3042004773025988 0.7933332288703536
5 0.42465791848592543 0.44114804373910693 0.3963918951171504 0.43999251297742464 0.394989265693725 0.4743029418945678 0.42325528906250004 0.4754584726562501