15 0.32556532579614567 0.4777886832038414 0.287902712890625 0.300267509765625 0.1939110034679875 0.32020864298230584 0.23157361637350815 0.4977298164205222
15 0.46824260546874996 0.44253171875000014 0.43426036523437495 0.26250442578125005 0.3387369753067103 0.280535573897704 0.37271921554108534 0.4605628668664541
14 0.600245608957216 0.6528296998408801 0.559273765625 0.46977955078125 0.46320333440215905 0.4912828528934948 0.504175177734375 0.674333001953125
7 0.7989388339843752 0.7745163417968749 0.7758694270271118 0.6389995721935973 0.6336941362589548 0.663202478236884 0.6567635432162181 0.7987192478401617
7 0.3231574968577118 0.8434951524865001 0.296527181640625 0.719720470703125 0.16583400704853823 0.7478393104041251 0.192464322265625 0.8716139921875002
0 0.20629620216546146 0.2926347528083434 0.168877642578125 0.116000912109375 0.07659632127203855 0.13555002062915655 0.114014880859375 0.3121838613281249
0 0.346508821308356 0.2607585265991449 0.3140324003906251 0.08051140039062497 0.2175481865041441 0.09789565504148008 0.250024607421875 0.27814278125
0 0.5001480665082655 0.2236785616147951 0.46415745703124994 0.03694304687500001 0.3654472831011094 0.05596802627582992 0.40143789257812496 0.242703541015625
0 0.6399103023587343 0.18930430053114172 0.605946993482169 -0.00006942932332899832 0.5055302298151684 0.017939856143183608 0.5394935386917338 0.20731358599765431
15 0.6332204801945777 0.4086345097936528 0.5993907148437501 0.22489167773437502 0.49991091043042224 0.2432073769250972 0.53374067578125 0.42695020898437497
14 0.4336010350014655 0.6772394594449282 0.3960647695312501 0.49979542187500003 0.2992544962485345 0.5202745327425717 0.33679076171875 0.6977185703125
18 0.16148145990069945 0.2945373988664031 0.12038199609375003 0.288259951171875 0.11488361236492563 0.3242587573835969 0.15598307617187507 0.33053620507812503
3 0.6300990852981935 0.5684566964465566 0.6027945605468751 0.5472586289062501 0.5783630318893066 0.5787280672253187 0.605667556640625 0.5999261347656252
20 0.11177679859364212 0.8206499000201772 0.07159867570670522 0.8195138289543873 0.06994189149553662 0.8781074166602589 0.11012001438247353 0.8792434877260489
4 0.5459026835534804 0.39377244085425245 0.5358553349927142 0.3570314372572806 0.5086788350329837 0.36446323663740327 0.5187261835937499 0.4012042402343751