15 0.36046382421875 0.25601402734375006 0.266557214891813 0.24152296586830949 0.23846205859375 0.42358836328125 0.332368667920687 0.43807942475669054
15 0.5151629511718753 0.25404079101562516 0.41897344375595547 0.2399902024377728 0.39249312930283037 0.4212728860315228 0.4886826367187502 0.4353234746093751
14 0.5658832617187501 0.49072365429687503 0.46804609531991975 0.47977795229340436 0.44719043359375 0.6661943964843751 0.5450275999925803 0.6771400984878457
7 0.7183817679257604 0.7255543509319117 0.5740021933593752 0.6979568300781253 0.5488988668398649 0.8292877428180888 0.6932784414062501 0.8568852636718752
7 0.23607868359375012 0.641505515625 0.10321105324813286 0.6256595003808016 0.0882182132917312 0.7513733209507728 0.22108584363734846 0.7672193361949712
0 0.31193553515625005 0.029118833984375047 0.21831726474646956 0.01755901948595206 0.19619085351562504 0.19675189062500004 0.2898091239254055 0.20831170512342304
0 0.4607363105468751 0.04282060937500007 0.36528806135368547 0.02806799039732395 0.33635718805601283 0.21524839599659057 0.43180543724920245 0.2300010149742667
0 0.6168668066406251 0.05050185937500008 0.5173405740023028 0.03635344218610417 0.49057522851562513 0.22463273632812508 0.5901014611539475 0.23878115351702098
0 0.7629857812499999 0.06164067187500009 0.6621766169188544 0.04597628670747909 0.6326312517863415 0.2361173957912105 0.733440416117487 0.2517817809587315
15 0.683542275390625 0.27223842382812513 0.5835192639015083 0.2571688013756156 0.55568512109375 0.4419149550781251 0.6557081325828666 0.4569845775306347
14 0.4017939140625001 0.4659685664062501 0.3035906555765734 0.4538136029854415 0.2813117617187501 0.6338108515625002 0.3795150202046768 0.6459658149833089
18 0.24681651292517298 0.1955204377330544 0.209999943359375 0.17620431640625006 0.19308105348107701 0.20845175757944576 0.229897623046875 0.22776787890625005
3 0.600723782969196 0.6070831958940612 0.5818082636718751 0.5781505468750001 0.5484623517964292 0.599951358793439 0.5673778710937502 0.6288840078125001
20 0.024038468750000083 0.669309333984375 8.210765530308701e-17 0.669309333984375 8.534324509902685e-17 0.722150525390625 0.024038468750000087 0.722150525390625
4 0.5025321582900453 0.7065500715588477 0.49760932617187503 0.664637935546875 0.46663372647557977 0.6682762057849022 0.47155655859375 0.710188341796875
4 0.6224166113122236 0.4186362432076755 0.5950155468749999 0.41437529687500013 0.5886886570987211 0.45506191926157563 0.6160897215359448 0.459322865594251
18 0.42385180802298256 0.7308946329886243 0.39234530675451995 0.7283957328244801 0.3887999059680893 0.7730966680509751 0.4203064072365519 0.7755955682151193
6 0.363409160925268 0.8614013793691816 0.33377328535111206 0.8561757735494289 0.32501948566153027 0.9058210256694605 0.3546553612356862 0.9110466314892133
21 0.6197660508002668 0.6607813726014358 0.590981875 0.654984888671875 0.5829818514741745 0.6947113998417395 0.6117660272744412 0.7005078837713002
2 0.4263605042314057 0.42983225802488234 0.4136230612029644 0.39702490009741576 0.3789515569715587 0.4104860971506585 0.39168900000000006 0.44329345507812506
17 0.5282759941303323 0.18906393516570225 0.5220751718750001 0.13929976367187497 0.49188296655691394 0.1430618377314657 0.4980837888122463 0.19282600922529297
3 0.33841905964974417 0.2883621433687241 0.30423781640625 0.28161817187500005 0.2958094794127558 0.3243364777250259 0.32999072265625007 0.33108044921875
18 0.09429040833940261 0.5754566619190263 0.08661006514410663 0.5314702097605585 0.046143009437730614 0.538536041640075 0.053823352633026594 0.5825224937985428