0 0.2874237734374999 0.040628650390625035 0.19315649821380265 0.03408712489827988 0.18080754960673442 0.2120428232178874 0.2750748248304317 0.21858434871023255
0 0.43711393359375006 0.043459988281250056 0.3405118045625405 0.036553696078505026 0.3274164146226314 0.21972615845799887 0.42401854365384095 0.2266324506607439
0 0.593822140625 0.04611660546875007 0.494420246090367 0.03729874675115148 0.47807155900868575 0.22159410927829917 0.5774734535433187 0.23041196799589778
0 0.74044919140625 0.0485718417968751 0.6381120248303129 0.038595599082290794 0.6195895235943765 0.22860102984571243 0.7219266901703135 0.23857727256029673
15 0.35117273632812507 0.24954287304687506 0.25532558716098785 0.24280389442977315 0.24259774733193532 0.42382942247860095 0.3384448964990725 0.4305684010957029
15 0.5022696601562502 0.2535843027343751 0.40547662723362776 0.2445871397916369 0.3885202053586278 0.42700725502601194 0.4853132382812502 0.4360044179687501
15 0.6735432695312501 0.26424789843750013 0.5722589437840739 0.2531019464503845 0.552113244565324 0.43616783121600944 0.6533975703125001 0.4473137832031251
14 0.4016789902343751 0.4713429667968751 0.3062126389571731 0.46375284605051226 0.2919291191406251 0.6434068417968752 0.38739547041782707 0.6509969625432381
14 0.5653074863281251 0.487288302734375 0.46703154727695795 0.48147800281828906 0.4559607500000001 0.668730470703125 0.5542366890511672 0.6745407706192109
7 0.7298870885068892 0.713816019209978 0.5842610371093752 0.693812560546875 0.5660654407899861 0.8262772952431471 0.7116914921875002 0.84628075390625
7 0.24384620507812507 0.655124162109375 0.11033134957876783 0.6462536167893964 0.10193840894933817 0.7725798137627856 0.2354532644486954 0.7814503590827642
5 0.42266554466620054 0.5665032217589518 0.40196769726562487 0.54497234375 0.37550238306817424 0.5704137137879233 0.3962002304687499 0.591944591796875
18 0.7661362465635093 0.9367232431182212 0.7312763866161449 0.9297646609077088 0.7205332806776357 0.9835835506019878 0.7553931406250001 0.9905421328125001
21 0.46460546725199614 0.9707939859374283 0.43820369063637277 0.9498787916427845 0.4114545432465817 0.9836449142087369 0.4378563198622051 1.0045601085033806
6 0.6783589823749634 0.7165146535457956 0.6488407450653979 0.7020731713124779 0.6305456337841847 0.7394681857354326 0.6600638710937501 0.7539096679687503
19 0.2746343988886509 0.8981191659534954 0.27331917415408846 0.8522782059406786 0.24446699792168752 0.8531060048309331 0.24578222265625 0.8989469648437499
17 0.30888622745560823 0.8844680655091112 0.3052437220265472 0.8391068916396972 0.2723047029257116 0.8417518971734637 0.2759472083547726 0.8871130710428776
5 0.2685796183740404 0.19516406629773372 0.23613182617187498 0.16078726757812506 0.2131222683447096 0.1825056758897664 0.24557006054687502 0.21688247460937507
2 0.25364826418727676 0.6288297920450827 0.23925406054687495 0.5975511210937499 0.20097667135959818 0.6151660810017922 0.21537087499999996 0.646444751953125
18 0.3288431853019688 0.4829604248527903 0.301588679649411 0.4598680291353276 0.2746601785688436 0.4916500492381719 0.30191468422140144 0.5147424449556346