0 0.24630544071103358 0.24531653287382243 0.235206263671875 0.06321311328125 0.14056833077334144 0.06898128157930253 0.15166750781250002 0.251084701171875
0 0.39961738362546506 0.2434899474386999 0.39581921289062494 0.057784814453125 0.29845325895265984 0.0597762107644251 0.30225142968749996 0.24548134375
0 0.5434497853600535 0.23038711183490557 0.5412180234375 0.039743699218750005 0.4437438642267042 0.040884777811366096 0.44597562614925773 0.23152819042752165
0 0.702674197265625 0.030214675781250082 0.5992255937200528 0.029667126300313436 0.59819755859375 0.22389395312500007 0.7016461621393222 0.2244415026059367
15 0.31172228375228006 0.45977040055964175 0.307113345703125 0.276434798828125 0.2128295971070949 0.27880503108098326 0.21743853515624997 0.4621406328125
15 0.46320485937500006 0.26475441601562505 0.3659915274442175 0.2642863564134274 0.36510975400671747 0.4474257118821774 0.46232308593750004 0.44789377148437504
15 0.6316932545059889 0.4422337565103165 0.62464309375 0.25625301171875 0.5247606517440111 0.2600393567709335 0.5318108125 0.4460201015625
14 0.550467771484375 0.6593411640625 0.549806046875 0.47617394140624997 0.4518563484804201 0.4765278023480091 0.4525180730897951 0.6596950250042591
7 0.2653480020548249 0.8172427388960787 0.26286351171875 0.689305970703125 0.13153902724205008 0.6918562493851712 0.134023517578125 0.8197930175781248
7 0.754245294921875 0.8337065351562502 0.7536923891863261 0.7008886148616006 0.6099026667675008 0.7014871949482484 0.6104555725030497 0.834305115242898
6 0.7873596180959029 0.5981565972067353 0.7690690488281249 0.5592317753906251 0.7406051436228467 0.5726068149026398 0.7588957128906249 0.61153163671875
17 0.4913144937985989 0.39162501288066653 0.46475820024431863 0.38616415214115407 0.45692014394571984 0.42428080332298757 0.4834764375000001 0.42974166406250003
5 0.43007390407093177 0.4348054976777649 0.4020161517035177 0.43119081828130323 0.397628509351336 0.46524843974416347 0.42568626171875007 0.4688631191406251
11 0.31428701865676784 0.7822379916204127 0.2809309185793857 0.7720742404892398 0.2670292247090631 0.8176977790823277 0.30038532478644525 0.8278615302135006
17 0.3111081047332998 0.702758797257035 0.2772991220339559 0.6997880889063609 0.27258075777652413 0.7534867616530515 0.3063897404758681 0.7564574700037257
12 0.24072697638813198 0.23938659367965023 0.20235269921875002 0.22109989843750005 0.1874098394579044 0.25245720136034744 0.22578411662728637 0.2707438966024976
14 0.39093080664062496 0.691541392578125 0.38447568758881634 0.5092809402848919 0.2871785059481914 0.5127269148942669 0.293633625 0.6949873671875
1 0.23416938269660403 0.7511180390365941 0.22850502734375 0.7123718828125001 0.18968084311569552 0.7180476451895593 0.19534519846854959 0.7567938014136534
18 0.2681990637116616 0.7889981229902596 0.23599260308377457 0.7818029381211262 0.22617214043433928 0.8257604387857016 0.2583786010622263 0.832955623654835
20 0.20868211006857587 0.48177097430491 0.1958600938543461 0.43935534542500804 0.1612041997258046 0.44983163560787837 0.17402621594003437 0.49224726448778033
1 0.5238247253375585 0.39936211713552927 0.506236064453125 0.36325652539062503 0.4789023246595801 0.37657202187462485 0.4964909855440136 0.41267761361952904
9 0.6980153685815231 0.6268853993156167 0.6647372807196399 0.6186448506217554 0.6535629453412418 0.6637705489623889 0.6868410332031251 0.6720110976562501