0 0.327524572265625 0.029806751953125037 0.23365702024334534 0.021574397248762856 0.2178871780452879 0.20138643597504952 0.31175473006756754 0.20961879067941172
0 0.5872067304687502 0.046755814453125086 0.4879343766606095 0.0330014659323023 0.46222299580123444 0.2185739991354273 0.5614953496093751 0.23232834765625007
0 0.73497319140625 0.05814921484375008 0.6334422695030923 0.0432293344743152 0.6061963847374673 0.22863965478681514 0.7077273066406249 0.24355953515625003
15 0.36322165726636085 0.2448041141432507 0.26824406732212547 0.2293772153054765 0.23936691200888965 0.4071629546778509 0.33434450195312504 0.42258985351562506
15 0.5044843643969631 0.2581278821898488 0.40588363671875 0.24390368359375003 0.38011854185303684 0.42250475452890124 0.47871926953125 0.43672895312500004
15 0.652763759765625 0.2719205703125001 0.5515585960577392 0.26042052679989075 0.5308819261358642 0.4423838178155158 0.63208708984375 0.4538838613281251
14 0.40681927803558066 0.46373326591149466 0.3115201332962351 0.4553753588792372 0.29582498416690445 0.6343357472646175 0.39112412890625 0.642693654296875
7 0.26290245700864995 0.6656290099526426 0.12950625976562508 0.6441616660156251 0.10973015041322527 0.7670486795004826 0.24312634765625013 0.7885160234375002
7 0.7262282740084293 0.7193059523331512 0.5827859823880819 0.7031779412731058 0.5673836849421529 0.8401657467524548 0.7108259765625002 0.8562937578125002
16 0.4939457053879894 0.7620505910547561 0.4758035957031251 0.73021340234375 0.4389163746901358 0.751233223398369 0.4570584843750001 0.7830704121093751
4 0.3029801825550552 0.4061423412402596 0.268965951171875 0.3950280957031251 0.25673587393651137 0.4324572379267615 0.2907501053196916 0.443571483463896
14 0.5721161784254565 0.4871112013771701 0.4740849370403339 0.47131640820501886 0.44461811994300254 0.6542038083903488 0.5426493613281251 0.6699986015625
0 0.45133107421875 0.06247516406250005 0.3538144440653175 0.05264844657687313 0.33549544572836903 0.23443926209776744 0.4330120758818016 0.24426597958339438
17 0.4133551631284693 0.3523176467106972 0.37978159375000003 0.34460749804687507 0.3707447978090307 0.38395790602367785 0.4043183671875 0.39166805468750004
19 0.5349868703526308 0.6143638171698185 0.523935013671875 0.5749290253906252 0.4963132002939496 0.5826702181025005 0.5073650569747055 0.6221050098816939
3 0.46107758007812505 0.656252279296875 0.4330707664810116 0.6450256507113479 0.41834821374663655 0.6817536663363478 0.44635502734375 0.692980294921875
16 0.5155669521883758 0.21455280100656432 0.4908525292968751 0.2031789238281251 0.4733619696866244 0.24118435329031088 0.4980763925781251 0.2525582304687501
3 0.30162104687500013 0.44604596484375003 0.26813713936077666 0.4453224981727307 0.2672111057176286 0.4881817287417604 0.3006950132318521 0.48890519541277977
5 0.42539290549764797 0.5279217024207186 0.415359013671875 0.48593109179687505 0.38701012575235205 0.4927052175011566 0.397044017578125 0.534695828125