0 0.18603285005744868 0.32333440472666086 0.13081921875 0.1537107578125 0.04096562306606366 0.18295870403931375 0.09617925437351234 0.3525823509534746
0 0.3271459345487225 0.2750011749116821 0.27067015625 0.10026100781249998 0.1785150793680833 0.1300454001333038 0.23499085766680577 0.3047855672324859
0 0.47084268099037235 0.22102026270648117 0.41696266210937494 0.04402025195312499 0.321495601245389 0.07308108093257948 0.3753756201263864 0.2500810916859357
0 0.6078361680028119 0.17447786545294286 0.5542927817409888 -0.00707057068738734 0.4556702468272804 0.02201579652826377 0.5092136330891035 0.20356423266859397
15 0.3241991826685568 0.4961437488433358 0.26818687304687494 0.32353186914062504 0.1767944779830172 0.35318857143829124 0.23280678760469903 0.525800451141002
15 0.46240950390624996 0.44616608789062506 0.40979544726562495 0.27067711328125 0.3166801138209019 0.2985943966255543 0.3692941704615269 0.47408337123492933
15 0.622491146484375 0.39368644921874996 0.572592224609375 0.21640400585937497 0.4745076877513159 0.24401143583993107 0.5244066096263159 0.42129387919930605
14 0.4521593565140105 0.6821843442057094 0.39810323242187495 0.5102613593749998 0.3067450634078645 0.5389862475911653 0.3608011875 0.7109092324218749
14 0.615671505963552 0.6415139638677143 0.55579016015625 0.4637493046875 0.4624937205989481 0.4951769033197857 0.52237506640625 0.6729415625
7 0.825995986328125 0.74176489453125 0.7888875972454283 0.6094019106754371 0.6500210504591478 0.6483335945843557 0.6871294395418445 0.7806965784401686
7 0.36003128130073764 0.8600985236917817 0.32060887109375 0.7397855195312502 0.1935708651836374 0.7814114802144685 0.232993275390625 0.9017244843750001
5 0.45024276249853984 0.5861139889478917 0.4239323008249813 0.577781212774882 0.4118911184045665 0.6158008429676154 0.43820158007812504 0.624133619140625
18 0.9205567148437499 0.8591507910156251 0.9103566390669974 0.8052263473728278 0.8754284089708686 0.8118331952077047 0.8856284847476211 0.865757638850502
21 0.6448458058333988 0.967172118278723 0.6124760664062501 0.9406357597656252 0.5891801217607822 0.9690527581835082 0.6215498611879309 0.995589116696606
6 0.7464793889529149 0.6339344421079488 0.7137006807562105 0.6316022566730342 0.7107461648501707 0.6731277774557105 0.7435248730468751 0.6754599628906252
19 0.4400562190109919 0.9524173024641008 0.4203371836882221 0.911596126185899 0.3940225095991051 0.9243076655186733 0.4137415449218749 0.9651288417968751
17 0.46682666627200864 0.9280650612357882 0.4464567957871031 0.8873714199674136 0.4169071090641808 0.902163000977473 0.43727697954908634 0.9428566422458476
5 0.17123720873716047 0.3040526436632603 0.12827436328124997 0.28433418749999995 0.11507613110658949 0.3130906786023647 0.15803897656249996 0.332809134765625
2 0.3198471371882947 0.71173388849462 0.29478386718750005 0.68812497265625 0.26589237062420545 0.71879624041163 0.2909556406250001 0.7424051562500001
18 0.3349230273281285 0.5483176532925488 0.301002526353246 0.537116473453979 0.2879406084260031 0.5766718422785407 0.32186110940088575 0.5878730221171106
2 0.3515333721637873 0.2556051284995957 0.34515748378239003 0.21074592091876915 0.3086790193229022 0.21593064508714416 0.3150549077042995 0.2607898526679707