0 0.20958757028580657 0.28813868135698256 0.17013779101562504 0.11001355078125001 0.07756734768294346 0.13051533817426741 0.117017126953125 0.30864046875
0 0.3607262476283477 0.2623513125931235 0.32792415625 0.07952668164062499 0.23206846135602727 0.09672495107875148 0.264870552734375 0.27954958203125
0 0.5007380990046166 0.22690944902227667 0.46871061328125 0.038962298828125005 0.3726150258939576 0.055337647163791366 0.40464251161732423 0.24328479735794303
0 0.6560567170339654 0.19628967694976185 0.6266883261718749 0.004293283203125012 0.5244276931222843 0.01993540117523819 0.5537960839843749 0.21193179492187503
15 0.30774700025390944 0.4897188188600854 0.274514798828125 0.30936137890625 0.18176262474609062 0.3264516577024147 0.21499482617187501 0.5068090976562502
15 0.4546357421875 0.45442925390625 0.4268573515625 0.27340670703125003 0.3307676557058112 0.288151926080608 0.3585460463308112 0.469174472955608
15 0.6210352608301134 0.42234359190652737 0.5849781015625 0.23975546679687504 0.4869176922948865 0.2591202518434727 0.5229748515624999 0.44170837695312504
14 0.41270160428962355 0.6880293609076308 0.38237738476562494 0.5113357773437502 0.2879972570385014 0.5275333304986196 0.3183214765624999 0.7042269140625002
14 0.574772880859375 0.649484509765625 0.545465634765625 0.468675896484375 0.44877721467236137 0.48434811071501754 0.4780844607661113 0.6651567239962675
7 0.31786465523832536 0.8500446141760521 0.29539703320312505 0.7240716191406251 0.16608832327729967 0.747134174886448 0.18855594531249997 0.873107169921875
7 0.8033183164062498 0.7898253261718751 0.7819949178114631 0.6587291106810624 0.6400691240010269 0.6818139896836415 0.6613925225958136 0.8129102051744541
6 0.7991768190757289 0.5519951782574168 0.7750222519531251 0.516410861328125 0.7490011027992713 0.5340739682269583 0.7731556699218751 0.5696582851562502
10 0.5144768244078876 0.38260434729708337 0.4891233535156251 0.35607978124999995 0.46868504473273764 0.37561571129666654 0.4940385156250001 0.40214027734374996
17 0.47446784338090653 0.39431799993814803 0.4473842357560939 0.3930786914100458 0.44560543729706237 0.43195220709689786 0.4726890449218751 0.4331915156250001
18 0.30231555804220694 0.8010177667443089 0.2965883282620532 0.760266401637687 0.26296803822233833 0.76499142436586 0.26869526800249205 0.8057427894724818
13 0.35899514463535515 0.7997805591977658 0.3495918995507178 0.7507758626181843 0.31573608097878936 0.7572722717747202 0.32513932606342666 0.8062769683543017