15 0.32363352390084044 0.4712026477943214 0.31647277929687506 0.287121494140625 0.22152647414603466 0.2908148990806786 0.22868721875000003 0.4748960527343751
15 0.47654970507812505 0.43867122070312503 0.46795313476562506 0.25566652734375 0.3708499207443344 0.26022791094315595 0.3794464910568344 0.443232604302531
14 0.5780002412338584 0.6652938635634957 0.562902791015625 0.478322966796875 0.46477462985989154 0.48624657979587926 0.479872080078125 0.6732174765625
7 0.7578242910156249 0.8134490117187498 0.755353797747562 0.6775644066741311 0.610414509765625 0.6801995214843749 0.6128850030336879 0.8160841265289936
7 0.2770732305718021 0.8155405621573157 0.267928185546875 0.68926422265625 0.13459352138132288 0.6989204378426842 0.14373856640625002 0.82519677734375
0 0.23801417127746663 0.25377714924007355 0.22554244531250003 0.073654638671875 0.1314384908319084 0.08017041911930142 0.143910216796875 0.2602929296875
0 0.3815401283520528 0.2479737907742861 0.37422375390625007 0.05871214843750001 0.27771422642368226 0.062442961675363985 0.285030600869485 0.25170460401215006
0 0.5386031366589215 0.22638830911046662 0.528951345703125 0.03646116796875 0.42855404693482846 0.04156319674890838 0.43820583789062495 0.231490337890625
0 0.6817891884002306 0.21179971913576662 0.6745110898437499 0.019514515625000013 0.5725651689483092 0.023373223659529863 0.57984326750479 0.21565842717029646
15 0.6446396065214112 0.4280643782519017 0.6367111289062501 0.24140152734375 0.5356504032442141 0.24569406706059832 0.5435788808593751 0.43235691796875
14 0.4095802593088381 0.6662736279263106 0.397104732421875 0.4853324238281251 0.29838646920678685 0.4921388466830644 0.31086199609375 0.67308005078125
18 0.19337076768453296 0.2494242728527242 0.15354493359375004 0.23748797460937507 0.14308999208109208 0.27237121542852594 0.182915826171875 0.28430751367187507
3 0.6193056393825438 0.5858967736241782 0.595217041015625 0.5611049492187501 0.5666435793674562 0.5888679177820719 0.590732177734375 0.6136597421875001
20 0.07092911956930706 0.7634991303110578 0.031300116344680495 0.7567824017839626 0.021504805353496942 0.8145751813030281 0.061133808578123505 0.8212919098301232
20 0.39377579265723067 0.12877377323131645 0.36060697656249996 0.11863021484375003 0.34618746906151926 0.1657811232530586 0.37935628515625 0.17592468164062502
4 0.5418972455287752 0.702272007158019 0.5290676484375001 0.662069234375 0.4993553736118498 0.671551080732606 0.512184970703125 0.711753853515625
4 0.6068553261263386 0.4373997027884205 0.6045683910271844 0.39628153822864265 0.5769066742758457 0.3978200444245972 0.579193609375 0.438938208984375
18 0.47391049673252617 0.7861251109660178 0.47083092984313285 0.7411392079078508 0.4396090203735848 0.7432765432082389 0.4426885872629781 0.7882624462664058
6 0.4357571491005408 0.9312276103111637 0.4348773524248125 0.8808241761521116 0.40478887845289174 0.8813493732903601 0.40566867512862004 0.9317528074494122
21 0.6482441429509428 0.6349749250959196 0.6188827929687503 0.6347772187500001 0.61860992832977 0.675300319440608 0.6479712783119626 0.6754980257865274
2 0.4143248324201977 0.44517251712073996 0.3955614736448796 0.4153983404102922 0.36409550059968193 0.4352278506333023 0.382858859375 0.46500202734375007