15 0.32474597577233805 0.4650650885995047 0.324013931640625 0.28084616796875 0.22899656719641193 0.2812237453848703 0.229728611328125 0.465442666015625
15 0.47870433398437495 0.43789017578124995 0.476499771484375 0.25469694921875 0.37929652058927515 0.2558667012113452 0.3815010830892751 0.4390599277738451
14 0.5721840531053758 0.6679153412752193 0.563620990234375 0.48053144921875 0.4652760758008742 0.48502561184978066 0.47383913867187505 0.67240950390625
7 0.750977603645213 0.6886149689248336 0.6040583750000001 0.683943158203125 0.5998087908860371 0.8175841931845415 0.74672801953125 0.8222560039062501
7 0.2661968270722787 0.80756831002454 0.2614643320312501 0.6810497382812501 0.1278738936308464 0.6860467602879603 0.13260638867187502 0.8125653320312501
0 0.2467668204913482 0.24478396702391614 0.24058887695312503 0.064335927734375 0.14631484943052683 0.06756355836670888 0.15249279296875 0.24801159765625003
0 0.3904078784058899 0.24399312884782365 0.38970109765625005 0.054591441406249996 0.2931201580367031 0.054951847640361755 0.293826938786343 0.2443535350819354
0 0.5481285328759852 0.22790221626778312 0.5451109824218748 0.0377539296875 0.4445967815771397 0.03934903568534187 0.44761433203125006 0.229497322265625
0 0.6917364921564816 0.21831963524574424 0.691173484375 0.0258975625 0.5891549984858524 0.02619605840845253 0.589718006267334 0.2186181311541968
15 0.647062011752194 0.43315605015419184 0.6456528046875 0.24633020898437497 0.5445038359040558 0.24709316468955808 0.5459130429687499 0.433919005859375
14 0.4038324752027808 0.6630167358244736 0.39767930468749996 0.4817503671874999 0.29878363612534414 0.48510742628490117 0.304936806640625 0.6663737949218749
18 0.20230252326200301 0.23887570814149206 0.16291752148437502 0.22555678320312506 0.15125154314424705 0.26005390513975807 0.19063654492187504 0.2733728300781251
3 0.6162352082505106 0.5900081528049977 0.5930265058593751 0.5643907519531253 0.5635015358901146 0.5911396108668776 0.5867102382812501 0.6167570117187501
20 0.06199450935745324 0.7483642539642177 0.022624057906723644 0.7402685869792147 0.010817777792810623 0.7976843105878555 0.05018822924354022 0.8057799775728585
4 0.5348125317067302 0.7036109828014063 0.523393806640625 0.662984953125 0.4933687202463949 0.6714240796985939 0.5047874453125001 0.7120501093750001
4 0.6089749534576303 0.4411670347288779 0.6081244134243817 0.39999410298997623 0.5804258525448762 0.40056629287047324 0.5812763925781248 0.4417392246093749
18 0.4647848926194957 0.7843009130458478 0.459538740234375 0.740071158203125 0.4279284748354493 0.7438204954944249 0.43317462722057 0.7880502503371477
6 0.421626452201681 0.8783194429935676 0.3915379777061203 0.8777942458877287 0.39065818112041795 0.9281976788767624 0.4207466556159786 0.9287228759826013
21 0.6434432796589699 0.640066348665651 0.614106716796875 0.63884406640625 0.6124197824823023 0.6793329585447473 0.6417563453443972 0.6805552408041483
2 0.4162904746979926 0.44221589555053786 0.3985776499650926 0.4118050259966414 0.36643880612647495 0.43052431013360354 0.3841516308593749 0.4609351796875
17 0.4792867525874634 0.18846873617820292 0.46537744140625004 0.140287263671875 0.43614547063194065 0.14872612111622985 0.450054781813154 0.19690759362255777
3 0.307300933983505 0.31624458560360835 0.2724855292968751 0.31493076757812505 0.27084357382899515 0.3584416214276418 0.30565897851562507 0.3597554394531251
18 0.11108939120882134 0.6379946264539696 0.09662260541434482 0.5957511921882508 0.05775910730513614 0.6090604771018172 0.07222589309961266 0.6513039113675361