0 0.20806657990034488 0.2883956548621489 0.168466583984375 0.10920961132812498 0.07588909197465511 0.12966917521597615 0.11548908789062501 0.3088552187500001
0 0.35634764367276345 0.2642675510562679 0.32548892968750004 0.0788301171875 0.22938535244503724 0.09482275007296462 0.2602440664303007 0.2802601839417326
0 0.500557461950355 0.22416055962607584 0.46522434570312504 0.036335822265625 0.36846065133089495 0.05453876459267416 0.40379376757812496 0.242363501953125
0 0.6517761799664694 0.19274292568551704 0.6183314765625 0.00027275976562500526 0.5177729860491556 0.017746371189483037 0.551217689453125 0.21021653710937505
15 0.3080958165717343 0.48604000988287555 0.274371630859375 0.308342685546875 0.18150831574929313 0.3259666970301096 0.2152325014616524 0.5036640213661102
15 0.452535029296875 0.45056923632812496 0.42394444140625 0.27485490234374993 0.3279627112690967 0.29047214898012597 0.3565532991597217 0.466186482964501
15 0.6124709707031248 0.41874144921875 0.583100662659339 0.23690120244919066 0.484054172424964 0.25289890362106565 0.5134244804687499 0.434739150390625
14 0.41111133146189827 0.6812843445909593 0.37755442578125 0.5047419062500001 0.2825206939287267 0.5228057667371658 0.316077599609375 0.699348205078125
14 0.5721937988281252 0.6477693496093752 0.5453224667968751 0.467657203125 0.44838766698959504 0.48211912166767934 0.47525899902084506 0.6622312681520546
7 0.3181211241529958 0.8465405831991639 0.293439490234375 0.72123029296875 0.16373114342512923 0.746778186332086 0.18841277734375003 0.8720884765625
7 0.8021246660156252 0.7868757109374999 0.7798283331913995 0.6559545221982551 0.639048763671875 0.6799297714843748 0.6613450964961006 0.8108509602236196
1 0.8548915234375 0.8241334628906251 0.8496595336922361 0.7779679453944981 0.8155810897721592 0.7818300935690388 0.820813079517423 0.8279956110651657
18 0.26122933015841954 0.4801039870758842 0.22727758385256697 0.4798832065583992 0.22699882520587644 0.5227508606467829 0.260950571511729 0.5229716411642679
10 0.5643214149255102 0.7378964648151486 0.5370487552013663 0.7346316433533469 0.531443205510231 0.7814575574444483 0.558715865234375 0.7847223789062501
3 0.8377016968567084 0.32658694455180165 0.8129104511718748 0.2981077773437501 0.7784197054870414 0.3281321296669485 0.8032109511718748 0.35661129687500004
13 0.3716827304832542 0.43149452862646026 0.3359386204695947 0.4033481190812181 0.3138619657008826 0.4313840351904476 0.34960607571454205 0.45953044473568977
5 0.5091528720931624 0.7105631436576635 0.49210557031250013 0.6766867128906251 0.4660765380630879 0.6897850457954617 0.4831238398437501 0.7236614765625001
4 0.6041121092983153 0.7069281918466185 0.5769501456852372 0.705238330224482 0.574489323496297 0.7447923161122385 0.6016512871093751 0.746482177734375
17 0.3846916077764095 0.1997012797863941 0.35604537890625 0.15764917382812496 0.33174052503609053 0.1742058334948559 0.36038675390625 0.21625793945312505
8 0.5917693020006275 0.2799554979373613 0.56883733203125 0.23579102343750002 0.5405000749769903 0.25050486607101435 0.5634320449463679 0.2946693405708756
11 0.289771865234375 0.60642530859375 0.28275487890625 0.5731278339843751 0.24954230973817837 0.5801269276546394 0.25655929606630334 0.6134244022640143
3 0.29929412410857403 0.5015974366397191 0.26208361523437507 0.4814906894531251 0.24530831339142617 0.512535866094656 0.2825188222656251 0.5326426132812501
18 0.38946602988451934 0.7542420873386051 0.36249139648437506 0.746848142578125 0.3499822962873558 0.7924839165676449 0.37695692968750005 0.799877861328125
10 0.5685037819965117 0.6735416978899011 0.543351462890625 0.63104473828125 0.5141348019878632 0.6483369583600989 0.53928712109375 0.69083391796875