0 0.19912122822229494 0.30186351301933934 0.15587444140624998 0.12880155078125 0.06419949106537219 0.15171038055811975 0.10744627788141714 0.3247723427962091
0 0.3432621224367674 0.2634915708468627 0.29911317382812497 0.08523750976562502 0.20510492969386918 0.10852093519726488 0.24925387830251158 0.2867749962785025
0 0.4903743504987245 0.21966593031037135 0.44897247656250006 0.039338603515625 0.35171078771690406 0.06166919673177737 0.3931126616531285 0.2419965235265237
0 0.6302807598422574 0.18279309137680758 0.5893645175785934 -0.0028077317974395805 0.4889532619272282 0.019328222084472005 0.5298695041908922 0.20492904525871916
15 0.3248964228167592 0.4838898966864582 0.281061353515625 0.30779126953125 0.18782283674978173 0.33100051829139754 0.23165790605091596 0.5070991454466057
15 0.4662563359375 0.44367504296875004 0.426011935546875 0.2649433808593751 0.3311760156827444 0.2862972623450724 0.3714204160733694 0.4650289244544474
15 0.6296088222656251 0.4024899746093751 0.5921980507812501 0.22215860742187502 0.4924266441603068 0.24285675523711264 0.5298374156446818 0.4231881224246127
14 0.4395673555776043 0.6784033582230157 0.3976356523437501 0.5031284042968749 0.30449628114114585 0.5254104952926091 0.346427984375 0.7006854492187499
14 0.6055182204797322 0.649238079661896 0.558182978515625 0.4677293359375001 0.4629215256140178 0.4925723480724792 0.5102567675781251 0.674081091796875
7 0.8083372109375001 0.763916298828125 0.78055238876696 0.6292871928486304 0.6393083769786188 0.6584372025856815 0.6670931991491589 0.793066308565176
7 0.33525303421396474 0.8494576180007838 0.304319265625 0.7266877226562501 0.17468703805166028 0.7593505616867164 0.20562080664062501 0.8821204570312501
5 0.4443569596900787 0.5824333307931048 0.4186918547377644 0.5722855278421594 0.4040278891883107 0.6093725915803045 0.429692994140625 0.61952039453125
18 0.894479166015625 0.887612470703125 0.888065516103632 0.8331078629779184 0.8527614992931672 0.8372621466937283 0.8591751492051602 0.8917667544189349
21 0.611904688601034 0.9761380457004682 0.581464884765625 0.9474083261718751 0.5562434147013651 0.9741310583737204 0.5866832185367741 1.0028607779023133
6 0.7365361794675337 0.6508017149978127 0.7040000055807274 0.6461886863540834 0.6981560155663189 0.6874069596375207 0.7306921894531251 0.69201998828125
19 0.40864320242692664 0.9471337698949879 0.39181974421719057 0.9050365013464893 0.3646824597590139 0.9158814560608763 0.38150591796875 0.9579787246093749
17 0.43704716692526674 0.9247082653065922 0.41956556759209224 0.8826928193256698 0.38905604776802516 0.8953870842313443 0.40653764710119966 0.9374025302122667
5 0.18570665456674634 0.28159663038561267 0.14422395507812497 0.25892926953125006 0.12905192160512868 0.2866950473487624 0.17053462109375006 0.309362408203125
2 0.30551617160683364 0.6986512864083325 0.282160828125 0.6733515546875002 0.25120018972129143 0.7019327409354177 0.27455553320312504 0.7272324726562502
18 0.33195467651488286 0.5366847656433646 0.2988981596365977 0.5231446985206247 0.2831088178987893 0.5616925607226005 0.3161653347770744 0.5752326278453403
2 0.3689431564277553 0.2458439522967126 0.3657120160417444 0.20064925938105427 0.32896074402987735 0.20327674751238028 0.33219188441588826 0.24847144042803862
18 0.7532317665652645 0.20016440235533342 0.7233457460937499 0.18513760156250006 0.7004977158566104 0.2305788574102917 0.7303837363281249 0.24560565820312505