0 0.29720907031250005 0.02935430273437504 0.20269497533402164 0.02185284183496893 0.1881757109375 0.20478722656250004 0.28268980591597836 0.21228868746190616
0 0.45625238867187506 0.04621113867187506 0.35967228858275946 0.03340700331128196 0.33496596549757807 0.21976391763636766 0.4315460655866937 0.23256805299696076
0 0.6023061621093752 0.046428324218750094 0.504448557990627 0.035544918539725676 0.4833231464843751 0.22549301171875008 0.5811807506031231 0.23637641739777449
0 0.75926705859375 0.0567052382812501 0.6579937060843025 0.04401487896345062 0.633704205078125 0.2378532988281251 0.7349775575875724 0.25054365814592455
15 0.34026569140625007 0.2507498476562501 0.24630729999594272 0.24045316862547947 0.22660423065449195 0.4202459635291692 0.32056262206479935 0.4305426425599398
15 0.4930937636718751 0.2624561796875001 0.39673993857068035 0.24932868503074276 0.37270735458630533 0.4257242162807427 0.46906117968750005 0.43885171093750003
15 0.65631181640625 0.2726826035156251 0.556909912104572 0.25906667889318075 0.531912322260822 0.44155946600255574 0.6313142265625 0.4551753906250001
14 0.381518314453125 0.468735087890625 0.28535574192187907 0.45822447056107296 0.26583035937500005 0.6368639316406249 0.361992931906246 0.647374548970177
14 0.552798208984375 0.4823214355468751 0.45587074244997106 0.46781044478967926 0.428908230731221 0.6479089643209291 0.525835697265625 0.662419955078125
7 0.23778372265625014 0.6511711328125003 0.1071917797739829 0.6369157335569036 0.0932395156250001 0.764730693359375 0.22383145850726735 0.7789860926149718
7 0.7220318004966761 0.7309921409997576 0.5803666191406252 0.712721619140625 0.5633837327064491 0.8444027886877424 0.7050489140625001 0.862673310546875
1 0.7536430119975066 0.8686152745217394 0.719849780266141 0.8618544210595734 0.7108237663155094 0.9069697578659592 0.744616998046875 0.9137306113281252
18 0.2743033213783872 0.40796832122003185 0.2416113978049382 0.4012079369241383 0.23272110209791136 0.44419970411938897 0.2654130256713604 0.4509600884152825
10 0.49195667993155506 0.746307283824901 0.46683024723488703 0.7352113654110977 0.44777906144395696 0.778352304242447 0.472905494140625 0.78944822265625
3 0.8736468087657151 0.43289869221425853 0.8582653261718749 0.3984156699218751 0.8165033904530347 0.4170439816138667 0.8318848730468749 0.4515270039062501
13 0.3973186462501014 0.39697155195163975 0.37136559572502026 0.3596044419038173 0.3420566789188602 0.37996073378007383 0.36800972944394134 0.4173278438278963
5 0.44719023026144034 0.7040385761854552 0.44079232421875 0.6666582363281249 0.41207105489480966 0.6715740820176698 0.4184689609375001 0.708954421875
4 0.5390629559665752 0.7283258491384621 0.5135819091369509 0.7187684367098712 0.4996641465297509 0.7558746266339091 0.5251451933593752 0.7654320390625
17 0.4775288853279359 0.17910999215545606 0.46242920507812507 0.13052001757812495 0.4343456576408141 0.13924717971954384 0.44944533789062496 0.18783715429687495
8 0.6520942050587575 0.31640114352846843 0.643076697265625 0.26746178710937496 0.6116757317716676 0.27324769178349473 0.6206932395648 0.3221870482025882
11 0.27086694726562505 0.506416169921875 0.23705927327877774 0.5033990216035763 0.23403441195065272 0.5372931212129514 0.26784208593750003 0.54031026953125
3 0.3075969716198036 0.44284691632090945 0.27789102929687504 0.4127394394531251 0.25277199713019644 0.4375234664915906 0.282477939453125 0.46763094335937494