0 0.26632000195312505 0.045806027343750035 0.17151023527287138 0.04495853494819007 0.16987948046875004 0.22739259960937502 0.2646892471490037 0.228240092004935
0 0.42692036523437515 0.05159474414062506 0.3296526769783254 0.046789383214829096 0.320487458984375 0.23230709570312505 0.41775514724042473 0.237112456628921
0 0.573223474609375 0.04374008398437507 0.47590715965620184 0.0380789296504887 0.464834873577581 0.2284136239069139 0.5621511885307542 0.23407477824080025
0 0.734951060546875 0.045496886718750094 0.631792649775359 0.037734460737203976 0.6172185390624999 0.23141644921875007 0.7203769498340159 0.23917887520029618
15 0.323178328125 0.2635243007812501 0.22895891078698213 0.25931185777745164 0.22076777734375005 0.442522365234375 0.31498719468176795 0.44673480823817346
15 0.4797043925781251 0.26276076171875007 0.38276051945371053 0.2555125831475858 0.3691057382037105 0.4381443116632108 0.46604961132812506 0.44539249023437505
15 0.6413424003906251 0.26554142968750005 0.5411559959286093 0.25930874082775457 0.5296190078125003 0.4447582929687501 0.629805412274516 0.45099098182849556
14 0.38284205078125005 0.48458591210937507 0.287237221519805 0.47913741309316527 0.27703682421875003 0.6581238164062498 0.37264165348019507 0.6635723154224596
14 0.5513467441406251 0.47970627343750005 0.45361096114816823 0.47322664709313456 0.44149397482004327 0.6559938443587597 0.5392297578125 0.6624734707031252
7 0.2502358457031251 0.672303025390625 0.11762752195922183 0.6670382549265221 0.1126073847656251 0.7934847890625002 0.2452157085095284 0.7987495595266031
7 0.738043865745357 0.7180115005755283 0.5955080061429825 0.7097398192428047 0.5878119157882506 0.8423572171047765 0.7303477753906251 0.8506288984375001
6 0.7798125664582375 0.6179626870045501 0.764281810546875 0.577856796875 0.7349542460417624 0.5892137133860749 0.7504850019531248 0.629319603515625
17 0.49842268359375014 0.3852285644531251 0.4707506069516905 0.38280757092635637 0.4671639858579405 0.4238028287388564 0.4948360625000001 0.4262238222656251
13 0.2980413762287396 0.7091149841461655 0.26327499039361074 0.7068017609842718 0.25991395537501083 0.7573161437671105 0.2946803412101397 0.7596293669290042