0 0.2291576067606072 0.2636337673495114 0.205382576171875 0.082748181640625 0.11137754363001777 0.0951039064786137 0.13515257421875 0.2759894921875001
0 0.38196867517725513 0.2511171307560954 0.36522562109374995 0.0661293125 0.26823575646336983 0.07490776377515466 0.284978810546875 0.25989558203125
0 0.5245366996163469 0.22801296952086483 0.50901176171875 0.037989636718749976 0.4118546420077327 0.0459273895598376 0.42737957990532954 0.23595072236195244
0 0.6819329726197535 0.2110466256304046 0.66940992578125 0.017221212890625004 0.5661751250364965 0.023891206400845424 0.578698171875 0.217716619140625
15 0.30937464365841794 0.473001987372871 0.291988087890625 0.290434486328125 0.19809934852908212 0.299375846611504 0.21548590429687503 0.48194334765625
15 0.458780119140625 0.450648908203125 0.446884587890625 0.26789416015625 0.3498754120644189 0.27420850052174023 0.3617709433144189 0.4569632485686152
15 0.6217214179878059 0.4334025121630581 0.6073365390624997 0.24815210546875 0.5072577187309438 0.255923325727567 0.5216425976562499 0.4411737324218751
14 0.3966459615875608 0.6797052973447129 0.38183699609375 0.50104115625 0.2864043040374391 0.5089513022646621 0.30121326953125 0.687615443359375
14 0.5614599140625 0.6554325625 0.54802269921875 0.4727576855468749 0.4503362830378921 0.47994331163532156 0.46377349788164196 0.6626181885884467
7 0.2880493373460026 0.8328384482135168 0.27664648046875007 0.705386634765625 0.1458197954664975 0.7170914345989833 0.15722265234375 0.8445432480468751
7 0.7769041582031249 0.8151583867187498 0.7670876897536814 0.6827025754736258 0.6236899866889727 0.6933299614269106 0.6335064551384162 0.8257857726720347
6 0.7935066826142065 0.577872298353857 0.7725454101562499 0.5403181816406251 0.7450838369170434 0.5556461821148931 0.766045109375 0.5932002988281251
17 0.484618658203125 0.42766048828124986 0.4824649375 0.38656503320312496 0.4547252261635662 0.3880188093078162 0.45687894686669117 0.4291142643859411