0 0.27943901562500006 0.04440858203125004 0.18507192989975527 0.03951324312959833 0.17583061656325732 0.21765735640945916 0.2701977022885021 0.22255269531111088
0 0.4291557890625 0.04462703515625005 0.33244784279389306 0.03940773503556766 0.3225512486819464 0.22278084435874207 0.41925919495055336 0.22800014447942446
0 0.5858864941406251 0.04454831054687509 0.48634584397515623 0.03746659703829244 0.4732160445976477 0.2220192148468805 0.5727566947631166 0.22910092835546314
0 0.7325340624999999 0.044444179687500085 0.6300383724021441 0.03625548635645095 0.6148347445901282 0.22655524012484377 0.717330434687984 0.2347439334558929
15 0.34682432421875 0.252178412109375 0.25087416071522545 0.24711322385550044 0.24130759171157762 0.42833331165097516 0.33725775521510215 0.43339849990484974
15 0.49796876757812497 0.253582220703125 0.4010334540922478 0.2462756991384546 0.38726328417037276 0.4289639628103296 0.48419859765624995 0.43627048437500004
15 0.669402396484375 0.261255056640625 0.567938972755998 0.2518784581050313 0.550991283302873 0.43526805185503126 0.65245470703125 0.444644650390625
14 0.40119383007812504 0.47306326953125 0.3056095522982976 0.46714042286007795 0.29446360351562506 0.647016337890625 0.3900478812954525 0.652939184561797
14 0.5650756894531251 0.4861504667968752 0.4667133157067281 0.48205620358120327 0.4589122109375002 0.6694733632812501 0.5572745846838972 0.6735676264969219
7 0.7335836791887503 0.7097713702400199 0.5876306992187501 0.6923124843750001 0.5717497036237499 0.8250746004631055 0.7177026835937501 0.8425334863281252
7 0.2465925078125001 0.6595710371093751 0.11294317707640078 0.6530319969370921 0.10675620950577853 0.7794854294461196 0.24040554024187788 0.7860244696184027
5 0.4226871229595211 0.5625629365020894 0.40111039112617525 0.5453547933670577 0.37624396347915423 0.5765339994430934 0.3978206953125001 0.5937421425781251
18 0.7737175840970475 0.9320120100983522 0.738741590090474 0.9256628769986486 0.7289393907590516 0.9796610622127964 0.763915384765625 0.9860101953125
21 0.47294257951130425 0.9728969132409919 0.4470957207031251 0.95167673828125 0.4200997744327464 0.9845586731836452 0.44594663324092554 1.0057788481433871
6 0.6821105211909274 0.7133688856275574 0.6523447403484547 0.699444765798107 0.6347050472825273 0.7371533782174245 0.664470828125 0.751077498046875
19 0.28127289885232865 0.9030029699300349 0.2807530433448773 0.8567128030395941 0.2522636698831736 0.857032749125184 0.252783525390625 0.9033229160156249
17 0.31562522749989597 0.8877449044577428 0.31119161409486684 0.8424542088604573 0.27830377462945644 0.8456736773184561 0.28273738803448556 0.8909643729157416
5 0.26329474435320477 0.19924933644303158 0.2302519375 0.16544406640625006 0.20762492166242022 0.18756073972884355 0.240667728515625 0.22136600976562507
2 0.2559341745786668 0.6331096016459401 0.24099627343749994 0.6020869062499999 0.20303213792133318 0.6203672167134349 0.2179700390625 0.651389912109375
18 0.32857187063334675 0.48595011928065723 0.3009184996816892 0.46333689796491956 0.27454877198616123 0.4955840445203349 0.3022021429378188 0.5181972658360725