0 0.2360306896089133 0.25439518789305043 0.21856315234375004 0.071718744140625 0.12418232601608678 0.08074344687257463 0.14164986328125 0.26341989062500004
0 0.3899636671979403 0.23727489869357998 0.376430248046875 0.05249954492187501 0.28052722934961866 0.05952372711603282 0.2940606485006839 0.2442990808877378
0 0.534169678466601 0.2262845627208379 0.5219900078125 0.035553818359375 0.42372919458027397 0.04182855056041207 0.43590886523437494 0.232559294921875
0 0.6880900803966888 0.21353003648338395 0.6783508828124999 0.018418628906249998 0.5764124430408111 0.02350699671974104 0.586151640625 0.218618404296875
15 0.3112275354521965 0.46275682971604154 0.29941058007812504 0.28227408984375 0.20509162939634662 0.2884495436955947 0.2169085847704181 0.46893228356788624
15 0.458912921875 0.44515316015625006 0.4519496328125 0.267264259765625 0.35478007058477706 0.27106786835718094 0.36174335964727705 0.448956768747806
15 0.6215355566406251 0.4330539023437501 0.6145449209927667 0.24898972520493542 0.5142870772427667 0.2527974517674354 0.5212777128906251 0.43686162890625
14 0.3896808917250172 0.6691002727157198 0.37788922265624997 0.48978419921875005 0.28136242468123274 0.4961317175186552 0.29315409374999996 0.6754477910156249
14 0.553647123046875 0.6554661093750002 0.548926234375 0.47342170117187493 0.4509515080016023 0.47596244263398096 0.4556723966734773 0.6580068508371061
7 0.27724414577512513 0.8217920636837311 0.26801796875 0.6944078828124999 0.13616294602174991 0.7039578738162687 0.145389123046875 0.8313420546875
7 0.7649113203125 0.8215571171875 0.758736461338065 0.688894556170734 0.6160843925781249 0.6955343828124999 0.6222592515525598 0.8281969438292659
1 0.8137989759449606 0.8189705329371108 0.7793451294494333 0.8181805249391051 0.7782904367075977 0.8641778084082444 0.812744283203125 0.8649678164062501
18 0.2617510263923072 0.4485583062474568 0.22838183926316927 0.4475775203461481 0.22709204913085185 0.491459929570412 0.2604612362599898 0.4924407154717207
10 0.5348496875014641 0.7439620293306766 0.5081781951742013 0.7373978418414693 0.4969077850164872 0.7831915761826678 0.52357927734375 0.789755763671875
3 0.8563182545415815 0.3690350240547394 0.835182537109375 0.33774684374999997 0.7972898313959185 0.36334403453901054 0.818425548828125 0.39463221484375
13 0.38098790448585185 0.41636721876628746 0.3489404097480352 0.38407449352079226 0.3236115920551112 0.40921096452341643 0.35565908679292785 0.44150368976891163
5 0.5148740028102395 0.6296995931406597 0.48900187777289716 0.6262792136420587 0.48296958759564323 0.6719081170404331 0.5088417126329856 0.675328496539034
13 0.31408620060193393 0.38563706114631807 0.27949680273437505 0.37934475 0.27248227888535403 0.41790421577073544 0.3070716767529129 0.4241965269170535