0 0.22353848898880968 0.26854686612544376 0.19653434179687498 0.087034955078125 0.1027551770268153 0.10098680184330618 0.12975932421874997 0.28249871289062495
0 0.3731414364147923 0.25482110311390843 0.35529335546875 0.0676827890625 0.25830829196473226 0.07693261731253564 0.27615637291077455 0.26407093136394405
0 0.5197976911134372 0.22487137668330193 0.49765263476562505 0.03503945703125 0.3998548791990628 0.046448164332323065 0.421999935546875 0.23628008398437497
0 0.672839630892285 0.2040787603792304 0.6529024374999999 0.00974445703125 0.5513700038733397 0.020160897823894616 0.5713071972656248 0.214495201171875
15 0.3095370851949318 0.47268745616952873 0.288290587890625 0.2930705136718749 0.19442409467338329 0.3041737769129298 0.21567059197769012 0.4837907194105836
15 0.456098767578125 0.447378658203125 0.43992581407103987 0.27008969555301937 0.34308393711791485 0.27892396899051936 0.359256890625 0.456212931640625
15 0.617865306640625 0.42678496874999994 0.6012510743427152 0.24333890810412906 0.5013299122333401 0.2523885077135041 0.5179441445312499 0.43583456835937495
14 0.39868210350704025 0.6746421837680093 0.37752191796875 0.4961889843750001 0.2814596113367098 0.5075796248257407 0.30261979687500007 0.68603282421875
14 0.5617100703125001 0.6524453750000001 0.5474681835937502 0.4708975234375001 0.4497606990420744 0.4785623837736739 0.4640025857608243 0.6601102353361739
7 0.29439072096428653 0.8330092005667707 0.27851041601562493 0.7062824550781251 0.1473359040357134 0.7227201158394795 0.163216208984375 0.8494468613281251
7 0.7813772675781251 0.807252046875 0.7682678491246673 0.6750944638995853 0.6261587812500001 0.6891910234375 0.6392681997034579 0.8213486064129147
1 0.8314166171875 0.84809987109375 0.8294177151986197 0.8016818465156968 0.7951528751255132 0.8031573952404304 0.7971517771143936 0.8495754198184835
18 0.26039389408922653 0.5049875655438285 0.25938528877187 0.4610977932431423 0.22601050219611998 0.4618647597923266 0.22701910751347648 0.5057545320930127
10 0.5475699136075075 0.741803797194795 0.5205914317788551 0.7366444836864029 0.5117331255932225 0.782965307585358 0.538711607421875 0.78812462109375
3 0.8489757561862179 0.35056624953119314 0.8262315078125 0.32042710742187513 0.789730386391907 0.3479723696094321 0.812474634765625 0.3781115117187501
13 0.37677400527137406 0.42271044496371907 0.3430803586109126 0.39213921484245134 0.3191017960962535 0.4185668466253365 0.352795442756715 0.4491380767466042
5 0.49444243437365715 0.7106886957735015 0.47979975976562494 0.6757056250000001 0.45292043867321774 0.6869563569608736 0.46756311328125 0.721939427734375
4 0.5894239163470598 0.7136866180177739 0.562445998222983 0.710106149760783 0.5572320232821734 0.7493921254930092 0.5842099414062502 0.75297259375
17 0.40592027368362077 0.19238928352581386 0.3802772304687499 0.1484413554687501 0.354876646238254 0.16326226530231125 0.38051968945312487 0.20721019335937502
8 0.6068952858908866 0.28689301904978015 0.5870999355468751 0.24123647265624995 0.557805318620941 0.253937766359986 0.5776006689649524 0.2995943127535162
11 0.28286011523437504 0.5915012871093751 0.27818293750000006 0.5577954453125001 0.24456304143414953 0.5624606968216844 0.2492402191685245 0.5961665386185594
3 0.29967160292449185 0.48759301177388165 0.2639543125 0.46493956835937506 0.2450542720755082 0.49473893353861853 0.2807715625 0.5173923769531251
18 0.3720002552707101 0.7459123066199357 0.34560710546875006 0.7366547167968751 0.32994508457304006 0.7813067343956895 0.3563382343750001 0.7905643242187501
10 0.556231253039969 0.6778975396059169 0.534104640625 0.633749564453125 0.503752907116281 0.6489616107847082 0.52587951953125 0.6931095859375
6 0.5856383104901668 0.3002810868711687 0.558783453125 0.256623287109375 0.534479998103583 0.27157286820695636 0.5613348554687498 0.31523066796875004
17 0.3429165534642723 0.788261731058858 0.3334553828125 0.750912109375 0.29328392700447764 0.761088089253642 0.30274509765624996 0.7984377109375