0 0.2573225431220625 0.22364172031518068 0.24684915429687498 0.037558087890625 0.1526099528018952 0.04286217502054641 0.16308334162708268 0.22894580744510207
0 0.402893734375 0.05294684570312505 0.30632433357410055 0.05081951013576086 0.302331203125 0.23208579492187503 0.39890060392589943 0.23421313048923922
0 0.5598362304687501 0.03644722851562507 0.46080791354521794 0.03416542473746335 0.45646426715055566 0.22267593378785533 0.5554925840740879 0.22495773756601706
0 0.7085887851562501 0.02878943359375009 0.6059304400229636 0.024667567589126586 0.5981365461775936 0.21878068126451197 0.7007948913108801 0.2229025472691355
15 0.3303362773437501 0.27270157421875 0.23618357842820747 0.26939338439337657 0.22980822125430386 0.45083916476235225 0.32396092016984646 0.4541473545877257
15 0.48430457031250007 0.2539858554687501 0.386377354758833 0.2513330437190251 0.38141675124320795 0.434451235125275 0.479343966796875 0.437104046875
15 0.6576072753906251 0.2496749101562501 0.5573643135744933 0.2452632779721258 0.5492589762076191 0.42943616235226845 0.6495019380237509 0.4338477945363927
14 0.3966131253417353 0.48633299098084165 0.30244349971844803 0.4845395829032834 0.29903290953296274 0.6636254278599418 0.39320253515625003 0.6654188359375
14 0.5649323675508678 0.6639685670728315 0.5628284140625 0.48062830273437496 0.4637450875272571 0.4817653508959183 0.46584904101562497 0.6651056152343748
7 0.2538578339843751 0.6704793281250001 0.12407152631496954 0.6683170195906319 0.12191075092434454 0.798011304746882 0.25169705859375013 0.8001736132812501
7 0.7425461928545274 0.6929991263034478 0.5984543515625002 0.6854475917968751 0.5914546587079729 0.8190096686184273 0.7355465000000001 0.826561203125
21 0.4067851457446421 0.7758019369548461 0.38132989070437784 0.7656079358206329 0.3617128992566109 0.8145931687876617 0.3871681542968751 0.824787169921875
2 0.4369760223277449 0.7835540629264107 0.424770904296875 0.7412489921875001 0.39286801087538004 0.7504530562142143 0.40507312890625 0.792758126953125
9 0.4881514069642665 0.8657121578640873 0.4581635886947901 0.8621729308071533 0.45195090243364877 0.9148129291930661 0.48193872070312516 0.9183521562500001
20 0.5943080509109586 0.7165151904153868 0.5774168359375 0.6740429804687502 0.5507908162765416 0.6846321591939885 0.56768203125 0.7271043691406252