0 0.25549469269589875 0.2551027097242397 0.23353490234375 0.07594125976562499 0.14000697836368603 0.08740496249379748 0.16196676871583476 0.2665664124524122
0 0.5044994628906251 0.22539201367187495 0.49106628906250005 0.038528988281249996 0.39110358350588875 0.04571508835248968 0.40453675733401373 0.23257811374311466
0 0.6498709960937499 0.2059744375 0.6379725195312499 0.018951042968750005 0.5355582744426614 0.02546666363699259 0.5474567510051613 0.2124900581682426
15 0.32186999804687494 0.45872316601562496 0.3131523828137657 0.278818571638724 0.21704284708372304 0.28347573982072155 0.22576046231683233 0.46338033419762253
15 0.46602951367187506 0.4425360898437499 0.4540983290089329 0.26248101639780835 0.35469488671875005 0.2690678945312499 0.36662607138169223 0.4491229679771915
15 0.6196125859375001 0.42742915820312505 0.6020051250000001 0.24514328125 0.5006205446995803 0.2549362782015056 0.5182280056370803 0.43722215515463064
14 0.4231710078125 0.6622120234375 0.40131522247224416 0.48389914218832697 0.30636088618800456 0.4955376821323639 0.32821667152826034 0.6738505633815369
7 0.3087255078125 0.83561829296875 0.3025206915414895 0.7113049532464226 0.1675752879399972 0.7180404446895363 0.17378010421100773 0.8423537844118637
7 0.780296560546875 0.8046746992187499 0.7649174437969535 0.6658375885041892 0.6215524091883912 0.6817182676234383 0.6369315259383127 0.8205553783379992
16 0.5485613886411688 0.7575829140845478 0.524196404296875 0.73021340234375 0.4924855234682062 0.7584431757592022 0.5168505078125 0.7858126875
4 0.28777143439320585 0.4491560813553313 0.25218971289062503 0.4453566640625001 0.24800884770386278 0.4845106630180492 0.2835905692064436 0.4883100803108804
14 0.5770620664062499 0.657416423828125 0.5678605346059417 0.47239905613780186 0.468687589563054 0.4773312580112484 0.4778891213633623 0.6623486257015715
0 0.3813058310883827 0.2637819521292486 0.36142807812500005 0.082154970703125 0.2639993306541657 0.0928178389540339 0.2838770836175483 0.27444482038015755
17 0.38454367238769926 0.37355933414833414 0.350100736328125 0.372998009765625 0.3494428276123007 0.4133673728829159 0.383885763671875 0.41392869726562503
19 0.557999897341944 0.6045905146230954 0.5389905976562499 0.5683152773437499 0.5135818716170167 0.5816302030103147 0.5325911713027108 0.6179054402896602
3 0.4944148027343751 0.66093021875 0.46450179296875005 0.656832681640625 0.4591351335861161 0.696010590280969 0.4890481433517411 0.700108127390344
16 0.4558789666625224 0.217553954846805 0.42933985156250004 0.21156704296875006 0.4201332774781027 0.25237845530944514 0.4466723925781251 0.25836536718750003
3 0.3011704155161174 0.5321029492934275 0.294738427734375 0.48847029296875 0.26173058403317695 0.4933360532792836 0.26816257181491937 0.5369687096039611
5 0.43282849816655117 0.5428232346856403 0.4142835312500001 0.5038363808593751 0.387962554567824 0.5163565407049849 0.4065075214843751 0.5553433945312501