0 0.25998222189781356 0.23238822014523633 0.25842881445312504 0.049953480468750006 0.16361869802406145 0.0507607759485137 0.16517210546875 0.23319551562500002
0 0.419105744140625 0.052938453125000055 0.3217690036222493 0.04983138031755874 0.31584291406250004 0.23548079296875005 0.41317965458087574 0.23858786577619137
0 0.565249490234375 0.04253165039062508 0.4678491957536857 0.038569761658089535 0.46010039363627947 0.22906870270859728 0.5575006881169687 0.23303059144113283
0 0.7269831035156251 0.04146564843750009 0.6237049318298723 0.035504767391972177 0.6125132578125 0.2294116113281251 0.7157914294982528 0.235372492373653
15 0.31907818945312516 0.26664627929687507 0.22479960461602785 0.26407883279045347 0.21980718164062504 0.4474043945312501 0.31408576647772235 0.4499718410376717
15 0.4755670878906251 0.2631511015625 0.378511480157085 0.2575959310206222 0.36804614226646 0.4404381536768723 0.46510175000000004 0.44599332421875004
15 0.6372290058593751 0.26311037500000006 0.5369490832251701 0.2586271298509673 0.52865039453125 0.444249783203125 0.628930317165455 0.4487330283521578
14 0.38259088085937504 0.48663294726562506 0.2869055231257462 0.4828538129625688 0.2798304238281251 0.6619909785156252 0.37551578156175397 0.6657701128186814
14 0.550984748046875 0.47881324023437505 0.453150766208202 0.4740403261321745 0.44422535409882696 0.6569911581634245 0.5420593359375 0.6617640722656251
7 0.25328098828125006 0.676635767578125 0.12060097837247644 0.6736861336188689 0.1177884023437501 0.8002010234375 0.2504684122525237 0.8031506573967562
7 0.7418124358004161 0.713823858189658 0.5991539251690366 0.7080410298575074 0.5937734991342456 0.8407725447147245 0.7364320097656251 0.8465553730468751
6 0.7818286826308802 0.6130613184989993 0.7656003476562498 0.5732325859375 0.7364754560409943 0.5850996092353757 0.7527037910156249 0.624928341796875
17 0.49641988476562504 0.3852735742187501 0.4687097703967018 0.3833358946742933 0.4658391629748268 0.4243875020961684 0.49354927734375 0.4263251816406251
13 0.3017216935795276 0.7126077974303399 0.26692023108138685 0.710901686193422 0.2644413092077008 0.7614670331392354 0.29924277170584157 0.7631731443761532