0 0.2175348943142035 0.27639416935150735 0.18953601953124996 0.10022155468749999 0.09621328378316427 0.11505321054727503 0.12421215856611781 0.2912258252112824
0 0.36447162583986853 0.250730950371895 0.33602654296875 0.06930736523437502 0.24034674353575744 0.08430883167491783 0.26879182640687593 0.26573241681243787
0 0.5148437028417796 0.2198937551705813 0.4893159375 0.03664421679687499 0.39047811872262994 0.050412920756699356 0.4160058840644095 0.23366245913040565
0 0.6574314060340177 0.1953548753563047 0.6327372539062499 0.006052617187499998 0.5307788162974846 0.019352919008385927 0.5554729684252524 0.20865517717719062
15 0.3269668329639601 0.46868991952550293 0.298646576171875 0.289440921875 0.20374004157273506 0.30443557995579523 0.2320602983648202 0.4836845776062982
15 0.47129378515625 0.4409484218750001 0.446780017578125 0.259389357421875 0.3504438629695251 0.2723964860417476 0.3749576305476501 0.4539555504948727
15 0.637614181640625 0.4141571816406251 0.616062681640625 0.23125146875000002 0.5148669742161386 0.24317520395811223 0.5364184742161386 0.42608091684873733
14 0.42424844361966796 0.6724574262049982 0.39775251953125007 0.4941948593750002 0.3030255583334572 0.5082745308262522 0.32952148242187507 0.6865370976562502
14 0.5853162718562779 0.6471742495165944 0.562430783203125 0.46654184375000013 0.46364055431559714 0.47905821728028064 0.48652604296874996 0.6596906230468749
7 0.78416207421875 0.789785375 0.7682166816754676 0.6532469675821653 0.624969555026093 0.6699758258449664 0.6409149475693753 0.8065142332628013
7 0.3054227075950048 0.8337691827110945 0.28530675390625 0.7087704062500001 0.15332106193624517 0.7300107586951559 0.17343701562500002 0.8550095351562502
19 0.37989568441089044 0.8976388105904489 0.35247095117187505 0.88274362109375 0.3275545890266096 0.9286191425345511 0.354979322265625 0.94351433203125
5 0.4373841599437244 0.5772700362216345 0.4127011581423518 0.564923987615622 0.3948606427298773 0.6005918752221125 0.4195436445312499 0.6129379238281251
18 0.8591954023437499 0.9205186132812501 0.857556544589013 0.865662425123662 0.8220248025865139 0.866723954786511 0.8236636603412508 0.9215801429440991
4 0.3281392530598961 0.48995826387177177 0.31579488971292435 0.4534467456019835 0.2859151650188243 0.463548932413444 0.298259528365796 0.5000604506832322