0 0.29547328515625004 0.036988648437500035 0.20133453117080177 0.028802928828392686 0.1858817092404582 0.20651600373790485 0.28002046322590646 0.2147017233470122
0 0.44509123242187504 0.04243200781250006 0.34862435045604756 0.033840828726765575 0.3323341560497086 0.21675684587813368 0.4288010380155361 0.2253480249638682
0 0.601729208984375 0.04782315625000008 0.502496344780507 0.037271837939405195 0.482933750020513 0.22125380608309403 0.582166614224381 0.23180512439368894
0 0.7482910781250001 0.05283701367187511 0.6461436064652075 0.04107626011408029 0.6243078736437874 0.23072949012063154 0.7264553453035799 0.24249024367842636
15 0.35556648437500005 0.24698362500000004 0.2598515429767159 0.23857290913935408 0.2439663103989804 0.419348734939193 0.33968125179726455 0.4277594507998389
15 0.5065698613281251 0.25366144335937507 0.40994859233546166 0.24297637916884895 0.38981108256983665 0.4250727815125989 0.4864323515625001 0.4357578457031251
15 0.6776312792968752 0.26731255273437504 0.5765569020611335 0.25440064342324886 0.5532193317486335 0.43708705553262395 0.6542937089843751 0.4499989648437501
14 0.40219409765625014 0.46963139257812503 0.30687475081345444 0.46037631114522193 0.2894580136718751 0.6397536640625001 0.3847773605146708 0.6490087454954032
14 0.5655193886718751 0.4884300117187501 0.4673598224536362 0.4809054451742909 0.4530227050781251 0.6679361816406251 0.5511822712963639 0.6754607481850843
7 0.7261204714000454 0.7177955364322457 0.5808657070312501 0.6952535996093752 0.5603610539905799 0.8273806022396297 0.7056158183593753 0.8499225390625003
7 0.24117792773437505 0.6506300371093751 0.10783822064409021 0.6394306861460753 0.09724186112620008 0.7655911644603047 0.2305815682164849 0.7767905154236044
5 0.42135150176485736 0.5635000763627734 0.40119775390625 0.5432545957031251 0.3744576388601427 0.5698735505903517 0.39461138671875007 0.5901190312500002
18 0.7584738405114075 0.9413014455584494 0.7237407354211156 0.9337355361502406 0.7120599984253333 0.9873587351230413 0.7467931035156252 0.9949246445312502
4 0.33741808927251654 0.4144638626122792 0.30570378208632815 0.41244555701087404 0.3034346162059451 0.44810171519464137 0.3351489233921335 0.4501200207960465
21 0.4562248704189897 0.9685526112768673 0.4292427735817638 0.9479337815148726 0.4027950352815954 0.9825436718034142 0.42977713211882124 1.0031625015654089
6 0.6745531157170214 0.7195944707220874 0.6452914125716569 0.7046400239064954 0.6263464550577607 0.7417100492781583 0.655608158203125 0.7566644960937502
19 0.2680479353004406 0.8930304195234912 0.2658465699546687 0.8477494898510107 0.2366569901229781 0.8491685625150196 0.23885835546875 0.8944494921875
17 0.3022054411472341 0.8810741158080402 0.29935515409583435 0.8356562784266581 0.266374988451802 0.837726014559157 0.26922527550320174 0.883143851940539