0 0.289026056640625 0.032965173828125034 0.1943954393920121 0.02711435376672693 0.18307103125 0.2102742734375 0.27770164849861284 0.2161250934988981
0 0.448339345703125 0.04704375390625006 0.3515504913058986 0.0359271233258406 0.33010030687495096 0.22268684001008188 0.42688916127217735 0.23380347059049134
0 0.5943746640624998 0.04471191601562507 0.4963420224539835 0.035538018182530925 0.47853487890624996 0.22582587109375005 0.5765675205147663 0.23499976892684418
0 0.7514910117187501 0.0522479199218751 0.65001160680084 0.04132695618096437 0.62910875 0.23555976562500003 0.7305881549179101 0.24648072936591076
15 0.33594000585937506 0.25357555859375003 0.24181622249475182 0.24492024739466525 0.22525397021383126 0.42502952479239153 0.3193777535784545 0.4336848359914763
15 0.488949103515625 0.26261288867187504 0.3923808455609124 0.25116899971197176 0.37143044907653744 0.4279570915088467 0.46799870703125 0.43940098046875
15 0.6523207734375 0.26998920898437506 0.5526963783898591 0.25811015980425833 0.530887532686734 0.4410114195698833 0.6305119277343749 0.45289046875000005
14 0.3809907128906251 0.47080763867187503 0.28465935057771524 0.46197688977685225 0.26825462890625007 0.6409299101562501 0.3645859912191599 0.6497606590512729
14 0.5524816347656251 0.4814026718750002 0.4553156796122563 0.46858550828432427 0.43150042570600633 0.6491271606280743 0.5286663808593751 0.6619443242187502
7 0.2404619609375001 0.6557244140625001 0.10964111528477867 0.6437503289974849 0.09792165429687508 0.771789322265625 0.2287424999495965 0.7837634073306403
7 0.7260293533155766 0.7270819716399888 0.5840668828125001 0.7112866308593752 0.5693847365281736 0.8432441357818863 0.7113472070312501 0.8590394765624999
1 0.7600376043411396 0.8641324521300311 0.7261315272815176 0.8579624012436955 0.717894258877878 0.9032283905199145 0.7518003359375002 0.9093984414062501
18 0.2727315215974821 0.41192128884999346 0.23992659270336258 0.40573248624389474 0.2317879597302134 0.4488728629811319 0.26459288862433294 0.4550616655872306
10 0.49625655994679796 0.7464101458831572 0.4709403031428112 0.7357544339311277 0.4526449326491384 0.7792212900010955 0.47796118945312516 0.789877001953125
3 0.8724188219966669 0.4263878743829611 0.856437869140625 0.3921785488281251 0.8150074026127081 0.411532871710789 0.83098835546875 0.44574219726562503
13 0.39553619174693555 0.3987792800995252 0.3689349480052724 0.36187080318255493 0.3399857592578154 0.38273550664151657 0.36658700299947855 0.41964398355848687
5 0.4507592370071086 0.7049291583978461 0.4437099296875 0.6676661699218749 0.4150788274460163 0.6730825212896538 0.42212813476562494 0.710345509765625
4 0.5430418432412856 0.7276093317710624 0.5173978775006803 0.718498080508821 0.5041298272281449 0.7558415163158839 0.52977379296875 0.7649527675781251
17 0.47193200544039704 0.17955104190770696 0.45598661328125 0.1312319921875 0.42805965276272795 0.14044795027979304 0.444005044921875 0.188767
8 0.6488668003492389 0.31377469477447495 0.6389965546875 0.26500017187499997 0.6077013488402565 0.2713332193634113 0.6175715945019954 0.3201077422628863
11 0.2710138242187501 0.510414115234375 0.23715864362426267 0.5079874496601484 0.2347257744836377 0.5419291781757735 0.26858095507812507 0.54435584375
3 0.3066288177193967 0.4462135198330467 0.276401951171875 0.4166290664062501 0.25171928579622826 0.4418477047763284 0.28194615234375 0.47143215820312506
18 0.32366931203544563 0.7139258879994708 0.2997776777343751 0.6993831562500001 0.2751742348395544 0.7398031041880295 0.29906586914062494 0.7543458359375002
10 0.5180154875788479 0.685701187374035 0.505551275390625 0.6379175703125 0.4727000358586523 0.64648671692284 0.485164248046875 0.694270333984375
6 0.6252908039532585 0.3224506318610877 0.6080997578125 0.2741634179687501 0.5812191999529914 0.2837333407951625 0.59841024609375 0.33202055468750014
17 0.28492722265625003 0.7108025039062501 0.2511588507885761 0.7048167317694802 0.24305080297888143 0.7505577936246012 0.2768191748465554 0.756543565761371