0 0.30545385546875 0.025886794921875043 0.2110850750517593 0.016736978341109206 0.193375376953125 0.19939010546875 0.2877441573701157 0.20853992204951582
0 0.46408768359375013 0.037143167968750064 0.3686063989844374 0.025739138535515564 0.3466343727716669 0.20970194751870783 0.44211565738097963 0.2211059769519423
0 0.610206498046875 0.04828289453125009 0.5125537373936586 0.03569329553510364 0.48811649218750003 0.2252437695312501 0.5857692528407163 0.23783336852739656
0 0.7669641328124999 0.061297587890625074 0.6659276837410281 0.046841696190990934 0.638258931640625 0.24022668554687504 0.7392953807120968 0.2546825772465092
15 0.3446400351562501 0.24800006250000003 0.25087565681790747 0.23606515120718993 0.2280377703229569 0.4154866967238869 0.3218021486612995 0.42742160801669704
15 0.49724052734375024 0.26237182812500004 0.4011304808330973 0.24756472676639835 0.37402303161434725 0.4235139650476485 0.47013307812500016 0.4383210664062501
15 0.6602552460937501 0.2754452421875001 0.5611061118643025 0.26009658795144763 0.5329273892080524 0.4421253125608226 0.6320765234375001 0.457473966796875
14 0.38735622265625014 0.4634228125 0.2943862430939128 0.4490762753865104 0.2669220516876628 0.6270526953083855 0.35989203125000013 0.6413992324218751
14 0.5530987011718751 0.4832455839843751 0.4564392500593597 0.4670451855629784 0.4263376914656097 0.6466457148598534 0.5229971425781251 0.6628461132812501
7 0.23518535937500007 0.6465718046875 0.10486209547493891 0.63003943400607 0.08868127929687508 0.7575914238281249 0.21900454319693624 0.7741237945095549
7 0.7179666148840688 0.7348319497281095 0.5766418750000001 0.7140918125 0.5573634222253063 0.8454565326937656 0.698688162109375 0.8661966699218752
1 0.7471711580331427 0.8729858144008935 0.7135010667236596 0.8656362163109133 0.7036890551748921 0.9105871538631449 0.7373591464843752 0.9179367519531252
18 0.27594387015937055 0.4040433870732616 0.24337491150871127 0.39671347871002927 0.2337356583798587 0.43954354165482623 0.266304617030518 0.44687345001805856
10 0.48765924994796706 0.7461293946484036 0.46273029452109815 0.7345966494348448 0.4429290973075062 0.7773985282239413 0.4678580527343751 0.7889312734375001
3 0.87476098049204 0.4394299477100103 0.85998365234375 0.40468373437500005 0.8179029687267101 0.42258036283686484 0.832680296875 0.4573265761718751