0 0.2874237734374999 0.040628650390625035 0.19315649821380265 0.03408712489827988 0.18080754960673442 0.2120428232178874 0.2750748248304317 0.21858434871023255
0 0.43711393359375006 0.043459988281250056 0.3405118045625405 0.036553696078505026 0.3274164146226314 0.21972615845799887 0.42401854365384095 0.2266324506607439
0 0.593822140625 0.04611660546875007 0.494420246090367 0.03729874675115148 0.47807155900868575 0.22159410927829917 0.5774734535433187 0.23041196799589778
0 0.74044919140625 0.0485718417968751 0.6381120248303129 0.038595599082290794 0.6195895235943765 0.22860102984571243 0.7219266901703135 0.23857727256029673
15 0.35117273632812507 0.24954287304687506 0.25532558716098785 0.24280389442977315 0.24259774733193532 0.42382942247860095 0.3384448964990725 0.4305684010957029
15 0.5022696601562502 0.2535843027343751 0.40547662723362776 0.2445871397916369 0.3885202053586278 0.42700725502601194 0.4853132382812502 0.4360044179687501
15 0.6735432695312501 0.26424789843750013 0.5722589437840739 0.2531019464503845 0.552113244565324 0.43616783121600944 0.6533975703125001 0.4473137832031251
14 0.4016789902343751 0.4713429667968751 0.3062126389571731 0.46375284605051226 0.2919291191406251 0.6434068417968752 0.38739547041782707 0.6509969625432381
14 0.5683571347656251 0.48144324609375005 0.4692833221284464 0.4714158583412075 0.45094880468750004 0.6525667812500001 0.5500226173246786 0.6625941690025426
7 0.7298870885068892 0.713816019209978 0.5842610371093752 0.693812560546875 0.5660654407899861 0.8262772952431471 0.7116914921875002 0.84628075390625
7 0.24384620507812507 0.655124162109375 0.11033134957876783 0.6462536167893964 0.10193840894933817 0.7725798137627856 0.2354532644486954 0.7814503590827642