0 0.19073494203425084 0.31464454819445997 0.13566854296875003 0.139591728515625 0.045226503278249175 0.16804209828991515 0.10029290234375 0.3430949179687501
0 0.33774460643834303 0.26589391134245216 0.28608996679687493 0.08797009960937502 0.19374307004329094 0.11478014615317579 0.24539770968475905 0.2927039578862529
0 0.476514349509418 0.22516162626626168 0.42494568164062496 0.04113110156250001 0.33013669345933194 0.06769828779623836 0.381705361328125 0.25172881250000007
0 0.6244194067775205 0.18068396810667592 0.5747773476201229 -0.00644165940619798 0.47612443693635226 0.01972970842462618 0.5257664960937499 0.20685533593750008
15 0.3076093763800274 0.5028186844233765 0.2585261796875 0.32873680859375004 0.16755227137115652 0.3543873262854896 0.2166354680636839 0.528469202115116
15 0.44840747265625003 0.4548941796874999 0.4046111679687501 0.282340326171875 0.3103558097904267 0.3062635032038703 0.3541521144779267 0.47881735671949527
15 0.6049608359375 0.40924817187500007 0.559775197265625 0.23067954296875007 0.46251074217486493 0.25529168537174346 0.50769638084674 0.43386031427799343
14 0.42627901562500004 0.6849032246093749 0.3820190097656251 0.5103439511718749 0.29083405466670237 0.5334641588095985 0.3350940605260774 0.7080234322470985
14 0.5847980273437501 0.6409149375 0.542331140625 0.4638301640625 0.447025645593485 0.48668547557580855 0.489492532312235 0.6637702490133085
7 0.349016229174934 0.8610736821245286 0.313507005859375 0.7383913808593751 0.18651888605944106 0.7751468823285964 0.22202810937500006 0.89782918359375
7 0.82597785546875 0.7594521621093752 0.7923558358345835 0.6309724227625355 0.654201552734375 0.6671261855468751 0.6878235723685416 0.7956059248937147
1 0.8817911464843748 0.791969201171875 0.8725554763202037 0.7464353568091611 0.8389433206172395 0.7532529402555863 0.8481789907814107 0.7987867846183002
18 0.26409668250302765 0.5426447810834384 0.2570218193966222 0.4994712945180905 0.22402038878225045 0.504879257193489 0.2310952518886559 0.548052743758837
10 0.5848106971413923 0.7313852175498311 0.5573572690596738 0.7305097870720718 0.5558541949651565 0.7776460675691158 0.5833076230468751 0.7785214980468751
3 0.8213026962325659 0.2978141913715333 0.7941236660156249 0.27160409570312505 0.7623809619705589 0.30452026370659185 0.7895599921875 0.3307303593750001