15 0.3735678476562501 0.23752478710937508 0.27867276549857256 0.22245782201310318 0.2502159434181855 0.40168518810907483 0.34511102557586304 0.4167521532053467
15 0.52373756640625 0.25471980273437506 0.4280970130555583 0.23732080811814416 0.3953061556336832 0.41756890968064414 0.490946708984375 0.43496790429687504
14 0.5661668691406252 0.49302859765625007 0.4687713027865544 0.4786750947900352 0.44142250390625004 0.6642501269531251 0.5388180702603208 0.67860362981934
7 0.710377003243127 0.7330383629266984 0.56704851953125 0.70041887890625 0.5373771022256231 0.8307936956670514 0.6807055859375001 0.8634131796875
7 0.2313009863281251 0.6322085937500002 0.09906731285704329 0.6117352169557004 0.07969625647707256 0.7368492110893965 0.21192992994815435 0.7573225878836962
0 0.3284836132812501 0.022842326171875066 0.23532580396625422 0.008022324119069807 0.20695913281250003 0.18633383398437509 0.3001169421274959 0.20115383603718034
0 0.47671555859375 0.041728828125000055 0.3804098261239947 0.023381577662567397 0.3461343828125 0.20329527539062506 0.44244011528225524 0.22164252585305771
0 0.6324828750000001 0.05485427343750008 0.5335110430828648 0.037241058975829903 0.5001911484375 0.2244715625000001 0.5991629803546353 0.24208477696167027
0 0.7781240976562502 0.0710857812500001 0.6779230234326772 0.051912748989607474 0.6417598266936261 0.2409069107580044 0.7419609009171991 0.26007994301839704
15 0.69137923046875 0.2787827031250001 0.5919430715565196 0.2602315082129324 0.557678337890625 0.443893720703125 0.6571144968028555 0.4624449156151927
14 0.40304141796875 0.462561955078125 0.30532218450184784 0.446987152750879 0.27677505078125003 0.626097228515625 0.3744942842481522 0.641672030842871
18 0.25759692862246636 0.1868699425471754 0.22147691015624998 0.16628070898437497 0.20344290731503362 0.1979180457340746 0.23956292578125 0.21850727929687502