0 0.34403914843750005 0.024073875000000054 0.2505160824277259 0.01257060445727368 0.2284804964068561 0.19172274717523732 0.3220035624166303 0.2032260177179637
0 0.46801387500000013 0.045653576171875064 0.371593901526543 0.032944695682831454 0.3477704767444543 0.2136887027978716 0.4441904502179115 0.22639758328691523
0 0.6029715996093749 0.05007539062500006 0.5042397396732354 0.03286486700639539 0.4720676361576105 0.21742703888139536 0.5707994960937499 0.23463756250000004
0 0.7502504218750001 0.06661882617187512 0.6493020469722294 0.04816465675563805 0.6156020333003543 0.23251116066188807 0.7165504082031251 0.25096533007812516
15 0.3722111855669008 0.24018607716199397 0.2778298430199509 0.22145390655445918 0.2427656476874251 0.39812354618934026 0.337146990234375 0.41685571679687505
15 0.5129228485187052 0.25843172817582244 0.4148786015625001 0.24077507812500007 0.38289611437192 0.41836815854292775 0.4809403613281251 0.43602480859375015
15 0.6606305566406251 0.2773908886718751 0.5598883906316703 0.26236584227258514 0.5328738906316703 0.4434966801632101 0.6336160566406251 0.45852172656250006
14 0.40814173194303377 0.46050339795358747 0.3131923267713482 0.4488246907965161 0.2912611124064394 0.6271283104210537 0.386210517578125 0.638807017578125
14 0.5713455579230934 0.4753644907920837 0.47461845117142065 0.457988495455898 0.4419680162952022 0.6397439597419393 0.538695123046875 0.657119955078125
7 0.25726652329621236 0.6572535279444636 0.12470078515625006 0.63114380078125 0.10064802748503782 0.7532657806492863 0.2332137656250001 0.7793755078125
7 0.7184367951395174 0.7270676097645953 0.5756447451708864 0.7059433594255091 0.555471024250119 0.842310185207789 0.69826307421875 0.8634344355468752
16 0.48480395994730296 0.7616796651264476 0.4677840039062501 0.729228720703125 0.4301856728651971 0.7489483915141775 0.44720562890625 0.7813993359375
4 0.306375785997452 0.39932362537135757 0.27277015625000006 0.3870290703125 0.2592412717092032 0.4240085854391168 0.29284690145665515 0.43630314049797436