15 0.3248964228167592 0.4838898966864582 0.281061353515625 0.30779126953125 0.18782283674978173 0.33100051829139754 0.23165790605091596 0.5070991454466057
15 0.4662563359375 0.44367504296875004 0.426011935546875 0.2649433808593751 0.3311760156827444 0.2862972623450724 0.3714204160733694 0.4650289244544474
14 0.6055182204797322 0.649238079661896 0.558182978515625 0.4677293359375001 0.4629215256140178 0.4925723480724792 0.5102567675781251 0.674081091796875
7 0.8083372109375001 0.763916298828125 0.78055238876696 0.6292871928486304 0.6393083769786188 0.6584372025856815 0.6670931991491589 0.793066308565176
7 0.33525303421396474 0.8494576180007838 0.304319265625 0.7266877226562501 0.17468703805166028 0.7593505616867164 0.20562080664062501 0.8821204570312501
0 0.19923817532335963 0.30301119017338896 0.155677978515625 0.127790837890625 0.06413512741101537 0.15054860865473618 0.10769532421875 0.3257689609375001
0 0.3395759079528277 0.2723729774062376 0.29950574609375 0.08725711718750001 0.20511026569048613 0.10768995408248432 0.24518042754956382 0.29280581430122193
0 0.4905044978024751 0.22384172025780585 0.4480188359375001 0.03847601562500001 0.35003275415065 0.060934342242194225 0.39251841601562504 0.24630004687500007
0 0.6289819498880906 0.18461076716832758 0.5886096267840171 -0.00263052036293758 0.4888825500953802 0.018872289275807724 0.5292548731994537 0.2061135768070729
15 0.6299507148226232 0.40404083897515486 0.5897290253906249 0.22159058203124998 0.49094903127112666 0.24336691883734518 0.531170720703125 0.42581717578125006
14 0.43982705068747796 0.6794487828490103 0.3961209453124999 0.5034228339843752 0.3000843575156469 0.5272680980103649 0.343790462890625 0.7032940468750001
18 0.1545171346697844 0.3064766884304669 0.11322362890625003 0.3016374140625 0.1089849336895907 0.3378061807101581 0.15027843945312505 0.342645455078125
3 0.6324089371317025 0.5638746013647066 0.604381244140625 0.5436423613281252 0.5810628656026725 0.5759452775415437 0.60909055859375 0.5961775175781251
20 0.12359292646681314 0.8926190775996262 0.12320381366077429 0.8340033630685707 0.08301051818742693 0.8342701810389853 0.08339963099346577 0.8928858955700408
20 0.33092681873830254 0.15285917080195727 0.29650050195312505 0.14862942187500006 0.2904877300898225 0.19756792685429284 0.32491404687500003 0.20179767578125007
4 0.5763848976205945 0.6919236593186178 0.5567690722656249 0.65455949609375 0.5291546980825304 0.6690567762282573 0.5487705234374999 0.7064209394531251
4 0.5943615261667514 0.4197955093649457 0.5849692406908512 0.37969914364207125 0.5579949254615998 0.3860176831052505 0.5673872109375 0.4261140488281249
18 0.524663910751856 0.7854098899574842 0.5103365175781251 0.7432373964843749 0.48019654220206043 0.753476944632857 0.4945239353757914 0.7956494381059662
6 0.5116150296224518 0.9358319482638395 0.5019961352992732 0.8863470307027136 0.47245597285305313 0.8920890570586982 0.48207486717623155 0.9415739746198242