15 0.32429325789071844 0.4930761893829401 0.27130197265625006 0.31951304882812503 0.17940591553620555 0.3475702167222109 0.23239720077067394 0.521133357277026
15 0.46335476171874995 0.4455182421875001 0.4138114218749999 0.26913775390625 0.3202230460560575 0.29542569966377036 0.3697663858998075 0.47180618794502044
14 0.6131841293552847 0.6435111564119798 0.556414326171875 0.4647285 0.4625836089259654 0.4945230642911452 0.519353412109375 0.673305720703125
7 0.8217269570312501 0.7474174863281251 0.7869342713241715 0.6144270314912776 0.6474094223944508 0.6509292317664388 0.6822021081015294 0.7839196866032863
7 0.35376801442766864 0.8576008881099998 0.316451359375 0.73661819140625 0.18870622775983137 0.7760206939212501 0.2260228828125 0.8970033906249999
0 0.18934076288422488 0.31902181268104146 0.1366699375 0.14632135937499996 0.04644359063140012 0.1738389256002085 0.099114416015625 0.34653937890625
0 0.3262416320554829 0.2750465521960507 0.27817922265624995 0.098315826171875 0.18357729958514207 0.12404308061644936 0.231639708984375 0.30077380664062503
0 0.4760645043661739 0.22471714254479025 0.423935775390625 0.04182900195312503 0.3272593569619511 0.06938474612708476 0.3793880859375 0.25227288671875
0 0.6122989873066054 0.1782926032104483 0.5623677288631079 -0.005896025231057589 0.4639026940824488 0.020796627517819466 0.5138339525259462 0.20498525595932535
15 0.6247505084732243 0.3973712538695129 0.575035232421875 0.21727607617187494 0.4775302981674007 0.244192314489862 0.52724557421875 0.42428749218749995
14 0.44930113931852567 0.682352062899061 0.3964424453125 0.508854751953125 0.30178543685334935 0.5376935035071889 0.35464413085937496 0.7111908144531249
18 0.14486237826569143 0.32482308012695543 0.10337219726562502 0.32215157421875 0.10103223892180861 0.3584926112792946 0.14252241992187503 0.3611641171875
3 0.6362978846551222 0.5683457523996043 0.6065222578124999 0.538119658203125 0.5838507647457629 0.5604532721041526 0.6136263915883852 0.5906793663006319
20 0.14431496855399464 0.9124107863998913 0.14256850892222933 0.8538447698026878 0.10238486644458554 0.8550430604415604 0.10413132607635085 0.9136090770387639
4 0.536469669123072 0.3901759852688579 0.5232583631804201 0.3544504763804954 0.49683300069797287 0.36422258486163755 0.5100443066406248 0.39994809375
20 0.3129905795435784 0.16218352148556572 0.278390076171875 0.15976130468750005 0.2749467895970466 0.20894742578005931 0.30954729296875 0.211369642578125