0 0.32826954101562505 0.023849458984375044 0.23493111178955586 0.009116891269148102 0.20711929332890583 0.18531913240017978 0.300457722554975 0.20005170011540674
0 0.4771433183593751 0.039716378906250085 0.3815107135407996 0.024416936790482714 0.35250062302268464 0.20575103389529345 0.4481332278412602 0.22105047601106081
0 0.6330236640625 0.05602090625000009 0.5347685494536142 0.038573156014247025 0.5024196749646025 0.22074233699399318 0.6006747895734883 0.23819008722974624
0 0.7788787656249999 0.07124618945312508 0.6778005101582988 0.05238863864819443 0.6427884299602004 0.24005669921938472 0.7438666854269015 0.2589142500243154
15 0.3735678476562501 0.23752478710937508 0.27867276549857256 0.22245782201310318 0.2502159434181855 0.40168518810907483 0.34511102557586304 0.4167521532053467
15 0.52373756640625 0.25471980273437506 0.4280970130555583 0.23732080811814416 0.3953061556336832 0.41756890968064414 0.490946708984375 0.43496790429687504
15 0.693430033203125 0.28027029882812515 0.5935025584722302 0.2603392514128829 0.5574782791753552 0.44095270258475794 0.65740575390625 0.46088375000000015
14 0.40455075585937506 0.462882775390625 0.31010920458020375 0.44700109731931925 0.2802221621093751 0.624726564453125 0.3746637133885464 0.6406082425244308
14 0.5661668691406252 0.49302859765625007 0.4687713027865544 0.4786750947900352 0.44142250390625004 0.6642501269531251 0.5388180702603208 0.67860362981934
7 0.710377003243127 0.7330383629266984 0.56704851953125 0.70041887890625 0.5373771022256231 0.8307936956670514 0.6807055859375001 0.8634131796875
7 0.2313009863281251 0.6322085937500002 0.09906731285704329 0.6117352169557004 0.07969625647707256 0.7368492110893965 0.21192992994815435 0.7573225878836962
5 0.41657104335575945 0.554138812188802 0.39691125176391395 0.5347695553450675 0.3689219291112796 0.5631787119062657 0.3885817207031251 0.5825479687500001
18 0.7235452093763974 0.9560531312697473 0.6885405354004295 0.9516081950302449 0.6825118696939974 0.9990850239863723 0.7175165436699653 1.003529960225875
21 0.4236875568110822 0.9669632796262713 0.3999044196286739 0.9434069168333326 0.36983765832800797 0.9737631273795049 0.3936207955104163 0.9973194901724434
6 0.6588097766627476 0.7312357578419652 0.6306625237579411 0.7142765474319013 0.6091778408451936 0.7499347407618111 0.6373250937500001 0.766893951171875
19 0.2415874372091286 0.8303393739913532 0.21222365521936118 0.8301801068105024 0.21197719203519583 0.8756200472280867 0.24134097402496324 0.8757793144089375
17 0.27624321122490714 0.8661905242800086 0.275995879023765 0.8205377645548131 0.2428671526459418 0.8207172455076708 0.24311448484708398 0.8663700052328663
5 0.29602844594651306 0.17615444465566807 0.26670026367187505 0.13908044726562505 0.241885378272237 0.15871079557870707 0.27121356054687507 0.1957847929687501
2 0.2433574522805344 0.606868585581167 0.23174413671874997 0.57445440234375 0.1920771590475906 0.588666240590708 0.203690474609375 0.621080423828125
18 0.33097958511196146 0.46810796722661185 0.3058414268573376 0.4427280588405462 0.2762454117902984 0.47204216427955337 0.3013835700449222 0.4974220726656189
2 0.4921890381042075 0.17033317475082924 0.4562627799186512 0.16218669509789468 0.4460418647882577 0.2072612857813568 0.481968122973814 0.21540776543429135
18 0.8502561722595261 0.3229454124960549 0.828617384765625 0.29743576953125017 0.7898303472717237 0.33033722812894534 0.8114691347656249 0.3558468710937501