0 0.3035850976562501 0.03348968359375004 0.20960354340758547 0.02366226329693321 0.19105155465112428 0.20107858264380404 0.2850331088997889 0.2109060029406209
0 0.45308525781250003 0.04154340820312507 0.35678300319695644 0.031269958201484774 0.3373029652410786 0.21387381326943936 0.43360521985662226 0.22414726327107964
0 0.6096052890625001 0.049667443359375084 0.5105716852670418 0.03738588038177718 0.4878011426870019 0.22099841375335103 0.5868347464824603 0.2332799767309489
0 0.75605733203125 0.057238396484375086 0.6541306715331907 0.04369671517650472 0.6289883596984231 0.2329399726610294 0.7309150201964825 0.24648165396889976
15 0.3600042265625 0.24450144726562506 0.2644506504260928 0.23442155618093627 0.2454128638264863 0.4148926124681815 0.3409664399628935 0.4249725035528703
15 0.510868060546875 0.25381362109375005 0.41444798819384965 0.24144391089268144 0.3911355253032247 0.42316113159580643 0.48755559765625006 0.43553084179687507
15 0.681665181640625 0.27044808593750014 0.5808315419656993 0.25577415164921447 0.5543092079813242 0.4380254426648395 0.65514284765625 0.4526993769531252
14 0.402739 0.46792907031250003 0.30759569395769926 0.4570118463723646 0.28705104296875006 0.6360579140625 0.3821943490110508 0.6469751380026354
14 0.5657113339843751 0.4895752460937501 0.4676980377264361 0.4803387053484506 0.4500989687500001 0.6670907382812501 0.5481122650079391 0.6763272790265497
7 0.7222849740326914 0.7217087101678962 0.5774457460937501 0.6966351640625 0.5546382837798087 0.8283841882696039 0.6994775117187501 0.853457734375
7 0.23858849218750006 0.6460900273437501 0.10546454807527257 0.6325652829982764 0.0926679981743949 0.7585216153561516 0.22579194228662242 0.7720463597016253
5 0.42000429222133107 0.5604853614879581 0.3998413599941743 0.5409255684747013 0.3728917103509683 0.5687062284711183 0.39305464257812506 0.5882660214843751
18 0.7507327025105284 0.9457452256173243 0.7161369297612901 0.937574290701769 0.7035221159226369 0.9909854654750697 0.7381178886718752 0.999156400390625
21 0.44778730325757304 0.9749720174802301 0.4235292910156249 0.9482889335937499 0.39328961106560256 0.9757803033897245 0.4175476233075507 1.0024633872762048
6 0.6706940792824085 0.7226073980046261 0.6416978250552503 0.7071445415227322 0.6221087906947167 0.7438782860962311 0.651105044921875 0.7593411425781251
19 0.26122393589515114 0.888922437770523 0.2598131679510149 0.8436099851600709 0.2306032691652388 0.8445194126239229 0.23201403710937502 0.8898318652343751
17 0.2955849070861359 0.8775640833714575 0.2935277025228 0.8321034204707561 0.26051643857970497 0.8335972597263244 0.26257364314304077 0.8790579226270258
5 0.27935921545903 0.18727330936499076 0.248130921875 0.15178503906250002 0.22437741735346997 0.1726871964943843 0.25560571093749995 0.208175466796875
2 0.24930223965602405 0.620153762217149 0.23600841406249998 0.5883917929687499 0.197139590422101 0.604660159657851 0.21043341601562507 0.6364221289062502
18 0.3295421218044346 0.47699751616971736 0.30311013217902466 0.45296802191867425 0.275088859768743 0.48379089209236503 0.3015208493941529 0.5078203863434081