0 0.32826954101562505 0.023849458984375044 0.23493111178955586 0.009116891269148102 0.20711929332890583 0.18531913240017978 0.300457722554975 0.20005170011540674
0 0.4771433183593751 0.039716378906250085 0.3815107135407996 0.024416936790482714 0.35250062302268464 0.20575103389529345 0.4481332278412602 0.22105047601106081
0 0.6330236640625 0.05602090625000009 0.5347685494536142 0.038573156014247025 0.5024196749646025 0.22074233699399318 0.6006747895734883 0.23819008722974624
0 0.7788787656249999 0.07124618945312508 0.6778005101582988 0.05238863864819443 0.6427884299602004 0.24005669921938472 0.7438666854269015 0.2589142500243154
15 0.3735678476562501 0.23752478710937508 0.27867276549857256 0.22245782201310318 0.2502159434181855 0.40168518810907483 0.34511102557586304 0.4167521532053467
15 0.52373756640625 0.25471980273437506 0.4280970130555583 0.23732080811814416 0.3953061556336832 0.41756890968064414 0.490946708984375 0.43496790429687504
15 0.693430033203125 0.28027029882812515 0.5935025584722302 0.2603392514128829 0.5574782791753552 0.44095270258475794 0.65740575390625 0.46088375000000015
14 0.40455075585937506 0.462882775390625 0.31010920458020375 0.44700109731931925 0.2802221621093751 0.624726564453125 0.3746637133885464 0.6406082425244308
14 0.5697143417968751 0.48747157617187503 0.47189148006751724 0.46884749455826685 0.4378383886718751 0.647711125 0.5356612504012329 0.6663352066136082
7 0.710377003243127 0.7330383629266984 0.56704851953125 0.70041887890625 0.5373771022256231 0.8307936956670514 0.6807055859375001 0.8634131796875
7 0.2313009863281251 0.6322085937500002 0.09906731285704329 0.6117352169557004 0.07969625647707256 0.7368492110893965 0.21192992994815435 0.7573225878836962
19 0.26289685780151395 0.841062705781846 0.2414172519531249 0.818421830078125 0.203544067979736 0.8543524660931541 0.22502367382812505 0.8769933417968752
5 0.41657104335575945 0.554138812188802 0.39691125176391395 0.5347695553450675 0.3689219291112796 0.5631787119062657 0.3885817207031251 0.5825479687500001