0 0.225451821366125 0.25527659575217865 0.192378611328125 0.07185638671875 0.09948825853670894 0.08860580688659264 0.1325614685747089 0.2720260159200213
0 0.36726291249761334 0.24851518455791283 0.34913547656250005 0.068113388671875 0.2530266324242617 0.07777075880146217 0.271154068359375 0.2581725546875
0 0.5215597321811533 0.2202450161125145 0.502897349609375 0.03261027929687499 0.4043290927502176 0.042413999813435396 0.4229914753219958 0.23004873662907493
0 0.6655285122461901 0.2004972484674906 0.6496078730468751 0.006881187499999997 0.5472123986941542 0.015300950791672964 0.5631330378934692 0.20891701175916355
15 0.319685057297488 0.4759429016901331 0.303900216796875 0.29507262890625 0.21004614907840868 0.30326342480912283 0.22583098957902167 0.48413369759300595
15 0.47183284375 0.440090201171875 0.45443998046875 0.257732400390625 0.3569194054971536 0.26703368621620105 0.3743122687784036 0.449391486997451
15 0.6403256467309166 0.416121180394608 0.6259255410156251 0.23233330078124997 0.5258921327431479 0.24017109540195622 0.5402922384584394 0.4239589750153142
14 0.416711850362928 0.6683570935359253 0.39563669921875 0.48976526953125005 0.30119872190269703 0.5009096466984498 0.32227387304687505 0.6795014707031252
14 0.5844311138975213 0.6548331022422851 0.5599992832031251 0.47311583984375 0.46179307946185366 0.48631963408584 0.48622491015625 0.668036896484375
7 0.29012983203125003 0.8281966816406249 0.27646874414062506 0.69920578515625 0.14738632481833985 0.7128765659908483 0.1610474127089648 0.8418674624752231
7 0.7735885703125001 0.7954211679687501 0.7617362745163232 0.6597157307684132 0.6188548352303287 0.6721947671072526 0.6307071310265056 0.8079002043075895