15 0.3382687871093751 0.2576751328125 0.24220030128002912 0.25596164142910116 0.2389640477064209 0.43740520373033454 0.3350325335357669 0.43911869511373336
15 0.4893701484375 0.25380322070312505 0.3922388922119956 0.2498841439270796 0.3848528394776206 0.4329416908020795 0.481984095703125 0.436860767578125
14 0.564552705078125 0.4838877949218751 0.46610736369466094 0.48322882300373354 0.4648517753906251 0.670804068359375 0.5632971167740893 0.6714630402775167
7 0.7407623005718382 0.7014916308091196 0.59428892578125 0.68913706640625 0.5830509357562869 0.8223725469252554 0.729524310546875 0.8347271113281249
7 0.25231582617187515 0.6683176250000001 0.11851970136967635 0.666446861907687 0.11674966320744648 0.7930391855597134 0.2505457880096453 0.7949099486520266
0 0.263745287109375 0.051356460937500036 0.16943153724099805 0.04964574700307632 0.16615709375000004 0.230169818359375 0.260470843618377 0.2318805322937987
0 0.41316314062500004 0.04942925976562505 0.31524120515029147 0.04466373053176208 0.306338474609375 0.22759674023437504 0.4042604100840836 0.23236226946823801
0 0.569241248046875 0.040748347656250086 0.46878131996715683 0.037080760923246345 0.461843142578125 0.22712638281250003 0.5623030706578432 0.23079396954550377
0 0.7157240917968751 0.036552550781250095 0.6138297959281257 0.03151140359700075 0.6043214409651051 0.2236992327590211 0.7062157368338545 0.22874037994327043
15 0.6587292441406252 0.2543007324218751 0.5576789668523876 0.24976891435208895 0.549308533203125 0.4364124707031251 0.6503588104913626 0.44094428877291125
14 0.3987746445312501 0.4764203261718751 0.2998388149249102 0.47459698448839227 0.29649680273437506 0.6559369667968749 0.39543263234071496 0.6577603084803577
18 0.21637669742539273 0.2236532905111892 0.177742728515625 0.20829136328125003 0.16428729671523232 0.24213065480131082 0.20292126562500004 0.25749258203125003
3 0.6113652488159873 0.5959680799524744 0.589529064453125 0.5691711367187499 0.5586446300902628 0.5943381192662754 0.5804808144531252 0.6211350625
20 0.04959640098963311 0.7251004457228065 0.010897444095155973 0.7150059445285504 -0.0038975657627633165 0.7717250867354748 0.03480139113171382 0.7818195879297309
4 0.5685661101726168 0.4076936424672997 0.568219780607312 0.36956546391183626 0.5401241137940702 0.3698206651945365 0.540470443359375 0.40794884374999996