0 0.19406479089040357 0.2958679466690319 0.135786287109375 0.118835673828125 0.04613100565255159 0.1483499289157619 0.10440950943358016 0.32538220175666877
0 0.33355477802321926 0.269436050001894 0.2904966796874999 0.09331276367187501 0.1966672063517807 0.11625191484185599 0.23972530468749997 0.29237520117187504
0 0.48241554576122075 0.21996703770033876 0.43782107617187505 0.03675565039062499 0.34157649238641963 0.06018201175267428 0.38617096197576534 0.24339339906238805
0 0.622234873505595 0.18037487202861888 0.5801011388673973 -0.006576070397996472 0.47987397378138097 0.016012447864919982 0.5220077084195787 0.20296339029153532
15 0.31671035351562493 0.5358043593750001 0.2797053455838463 0.3617094838408675 0.18838168164062497 0.381120927734375 0.2253866895724036 0.5552158032685077
15 0.4637691328124999 0.444593349609375 0.42116623437499995 0.266430861328125 0.3258892109613028 0.2892138690817736 0.3684921093988028 0.46737635736302363
14 0.43965511523437495 0.6874235429687501 0.3966919250602856 0.513534246815319 0.3052547453727857 0.5361258210340689 0.348217935546875 0.7100151171875
14 0.605158039513477 0.6415757377041789 0.555673822265625 0.4650271875 0.4602609682990229 0.49177014510832123 0.509745185546875 0.6683186953125
7 0.33784842382812497 0.8542109765625 0.306368220703125 0.728376666015625 0.18044462855572374 0.7598792048844113 0.2119248316807237 0.8857135154312863
7 0.8120407050781249 0.75446998046875 0.7814172083890154 0.621734739742255 0.6416630278051033 0.6539775839407993 0.6722865244942129 0.7867128246672943
2 0.5125127040303759 0.7902039991972549 0.48977410742187494 0.752499353515625 0.46134046589149896 0.769646871896495 0.4840790624999999 0.807351517578125
9 0.590831650390625 0.908771755859375 0.5832084098861857 0.8563174592108315 0.553326383026239 0.8606602469721428 0.5609496235306783 0.9131145436206863
20 0.6471328368620476 0.6847288947953684 0.619824560546875 0.6480756582031251 0.5968464814973273 0.6651953395796318 0.6241547578125 0.7018485761718751
10 0.12466478262537778 0.6604154469619387 0.10600687187936592 0.6162800595549639 0.06772478655906963 0.6324635298503763 0.0863826973050815 0.6765989172573511
21 0.3901418432553963 0.03924272954609123 0.3799250647528846 0.014111815130615019 0.3546265664110006 0.024396723579708998 0.3648433449135123 0.04952763799518521
4 0.554063442247141 0.6479101776426901 0.55198329296875 0.6109584394531251 0.5274626755462118 0.612338795212725 0.5295428248246028 0.64929053340229
21 0.32312302727511155 0.6020227984444305 0.28927773957932945 0.5996023143203395 0.2857310063819434 0.6491957837634795 0.3195762940777255 0.6516162678875705
13 0.41010603013344266 0.7324975345209528 0.3875201621984427 0.6900205294214627 0.3574726086275001 0.7059974109161351 0.3800584765625 0.7484744160156251
21 0.4446531117884559 0.5851474342855991 0.41912236469388253 0.5766004740541717 0.4061460380616767 0.6153622448466975 0.4316767851562501 0.623909205078125
15 0.6329721640625 0.45385534765624996 0.6251550168332363 0.26144461080191433 0.5236250587805833 0.2655695086285851 0.531442206009847 0.4579802454829207
4 0.5799889045758968 0.4341884759389934 0.553910369140625 0.4233298652343751 0.5402621696428531 0.45610800452975686 0.566340705078125 0.4669666152343751
5 0.26582415489992384 0.44092579736492915 0.23096549414062503 0.44043659375 0.2304252572094512 0.47893168115069584 0.26528391796875 0.479420884765625
10 0.3383692703220969 0.7117891241761432 0.328554970703125 0.6731741425781251 0.29559736053727814 0.6815505769957321 0.30541166015625 0.7201655585937501
1 0.3320868208434018 0.5824666793352321 0.31549109375 0.55604744140625 0.2863185756409732 0.5743726917585178 0.302914302734375 0.6007919296875
18 0.4540463495460355 0.4582307989425116 0.42595545898437503 0.4336986601562502 0.4056533770164646 0.45694586121373876 0.43374426757812506 0.4814780000000002
5 0.4678568170950955 0.8803396366647974 0.44121130273437514 0.8543278066406251 0.4076754563424047 0.8886806328664529 0.4343209707031251 0.9146924628906252
16 0.5368250712868073 0.8694498743368655 0.5097920390625001 0.8355437792968751 0.4837106896046779 0.8563382104902977 0.5107437218289851 0.8902443055302881