15 0.35203383789062503 0.26103240039062503 0.2576787026797199 0.24982745993069988 0.23595465234375002 0.43276245312499995 0.3303097875546552 0.4439673935849251
15 0.5065698613281251 0.25366144335937507 0.40994859233546166 0.24297637916884895 0.38981108256983665 0.4250727815125989 0.4864323515625001 0.4357578457031251
14 0.5655193886718751 0.4884300117187501 0.4673598224536362 0.4809054451742909 0.4530227050781251 0.6679361816406251 0.5511822712963639 0.6754607481850843
7 0.7261204714000454 0.7177955364322457 0.5808657070312501 0.6952535996093752 0.5603610539905799 0.8273806022396297 0.7056158183593753 0.8499225390625003
7 0.24117792773437505 0.6506300371093751 0.10783822064409021 0.6394306861460753 0.09724186112620008 0.7655911644603047 0.2305815682164849 0.7767905154236044
0 0.2956165820312501 0.035969037109375046 0.20165190984572176 0.027683496155351466 0.18579272070312505 0.20753940625000006 0.27975739288865337 0.21582494720402365
0 0.44480489648437505 0.04446939453125005 0.3488999343542221 0.03305685841087653 0.3265191869310441 0.2211329101687884 0.422424149061197 0.23254544628916193
0 0.6011083554687501 0.04669708789062509 0.5011489801184341 0.036030704657445206 0.480970791015625 0.22512940234375006 0.580930166365941 0.23579578557692993
0 0.7475270585937501 0.05272963867187511 0.6462326248273342 0.040592983972300205 0.6233410852603146 0.23164938261598628 0.7246355190267305 0.2437860373155612
15 0.675481701171875 0.2659716367187501 0.5749936989154965 0.25440194743162736 0.5536240605468751 0.4400069550781251 0.6541120628032536 0.45157664436524786
14 0.4006660585937501 0.469416640625 0.3020984205371531 0.4606963261352598 0.28611491210937506 0.641361447265625 0.3846825501659721 0.6500817617553653
18 0.23634456069950177 0.2045418943570153 0.198876296875 0.18652241992187502 0.18309313265987323 0.21934067790860973 0.220561396484375 0.23736015234375002
3 0.6043995737217127 0.6035027543787398 0.584485841796875 0.57524787109375 0.5519210805751623 0.5981991577306353 0.5718348125 0.6264540410156251
20 0.030915203125000082 0.68635370703125 8.433035157129905e-17 0.68635370703125 8.768349789240391e-17 0.7411147421875 0.030915203125000085 0.7411147421875
4 0.5097391087918224 0.7063358733311399 0.5033565625 0.664621076171875 0.47252680527067753 0.6693381637782352 0.4789093515624999 0.7110529609375
4 0.6195024846562253 0.4144135276226741 0.59196940625 0.41111146093749995 0.5870663141877859 0.45199410536984985 0.6145993925940111 0.455296172055024
18 0.43058301757812506 0.7333507167968751 0.39875143890541787 0.7332197856731535 0.3985682373052123 0.7777592044465695 0.4303998159779195 0.7778901355702912
6 0.37610509369457845 0.8659481741338142 0.34630490134359065 0.8617600296640853 0.33928902974299885 0.9116805433232045 0.36908922209398665 0.9158686877929334
21 0.6253042805343535 0.6565036531455316 0.596335345703125 0.65171525390625 0.5897266310378861 0.69169676231619 0.6186955658691147 0.6964851615554717
2 0.4239565426875031 0.4324449870782144 0.41008190037894376 0.40010214274781597 0.37590130886331563 0.41476515371647665 0.38977595117187497 0.44710799804687507
17 0.5174072571471158 0.18826653188695394 0.509473466796875 0.13874908007812498 0.47943094945924825 0.14356255543768917 0.4873647398094891 0.19308000724651814
3 0.33113143681367474 0.29413016151826693 0.29673565429687504 0.288583205078125 0.2898032975613254 0.3315696314504831 0.32419908007812503 0.33711658789062504
18 0.09717095639891328 0.5895697557797253 0.08796018431494798 0.545878139412372 0.04776437494364498 0.5543519490269376 0.05697514702761028 0.5980435653942908