0 0.21954118073716689 0.27340703670460037 0.189373328125 0.09239405664062501 0.09585194035658307 0.10798044962352472 0.12601979296875 0.2889934296875001
0 0.371904935216672 0.24559062870981468 0.345515203125 0.06220942382812501 0.25033578323591515 0.07590635309159122 0.27672551532758716 0.2592875579732809
0 0.5149930195091864 0.22456776117285548 0.4895383125 0.035151240234375006 0.3919545605689387 0.04826501617089453 0.4174092675781251 0.237681537109375
0 0.6676487687743783 0.2011073610826502 0.644323009765625 0.007150609374999978 0.5429878327881217 0.019337449464224735 0.566313591796875 0.21329420117187498
15 0.3090894225827088 0.4760156542287905 0.2847114140625 0.296796869140625 0.19105299753623367 0.3095366367656726 0.21543100605644244 0.48875542185383813
15 0.45518708593749996 0.44815285351562495 0.4359224752033073 0.2711731516899448 0.33924952598455727 0.28169620442431986 0.35851413671874993 0.45867590625
15 0.616569578125 0.424739087890625 0.5967563047847201 0.24161092220929611 0.49700829697222 0.2524030061936711 0.5168215703125 0.435531171875
14 0.40174546140424716 0.6763838258813883 0.377474060546875 0.49832710156249993 0.2816251792207528 0.5113925256811117 0.30589658007812504 0.6894492500000001
14 0.564361208984375 0.6513451679687501 0.546953044921875 0.4700735214843749 0.4493942128038348 0.4794424448002622 0.46680237686633486 0.6607140912846373
7 0.3002338486215937 0.8365468576900956 0.2821442734375 0.7101165625 0.15127661622215627 0.7288410329349043 0.16936619140625 0.855271328125
7 0.7866966992187501 0.802294541015625 0.7712828110612501 0.6703858772489466 0.6294414042968751 0.68696043359375 0.6448552924543751 0.8188690973604285
1 0.837441322265625 0.8422628359375 0.8346326195805768 0.7958867659680776 0.8003987493948898 0.7979600930778031 0.8032074520799379 0.8443361630472255
18 0.2605174328741007 0.5091685085288994 0.2587429983987936 0.4653030229267024 0.2253866793851078 0.4666523435056193 0.22716111386041493 0.5105178291078162
10 0.5517827263733903 0.7409367599212874 0.5247183106758373 0.7362490717759551 0.5166697639899471 0.7827174388077929 0.5437341796875002 0.787405126953125
3 0.8463146272647417 0.3444985406386101 0.823047841796875 0.3147609316406249 0.7870330094540083 0.3429390335801399 0.8102997949218751 0.37267664257812505
13 0.37544388424011504 0.4248728050714164 0.3412218272957536 0.394894267570895 0.31770814192379343 0.4217363601765475 0.35193019886815485 0.45171489767706885
13 0.3065615212249494 0.3988843326680575 0.2716174531250001 0.3950201855468751 0.2673097903891478 0.43397503257329323 0.30225385848909714 0.4378391796944756
5 0.49812030441248034 0.7107536008155636 0.48286932226562496 0.6760314062500001 0.45619044754064464 0.6877495319969366 0.4714414296874999 0.7224717265625
4 0.5931396419174974 0.7120934114809125 0.5661033449988895 0.7089843180302705 0.5615757987845174 0.7483553069399832 0.5886120957031252 0.7514644003906252
17 0.40056605383870636 0.19407805296114577 0.3741599218749999 0.15058434960937506 0.3490218680362935 0.1658463005544793 0.3754279999999999 0.20934000390625002