0 0.18903294161210213 0.31965564473105956 0.13118012695312498 0.146629927734375 0.04125981424727283 0.17669565019081546 0.09911262890624999 0.3497213671875
0 0.3366481519414203 0.27821124857655055 0.284915375 0.09981690234375 0.19138249649607975 0.12694060689219938 0.2431152734375 0.3053349531249999
0 0.4721883193266587 0.22832831467192077 0.42069045703125 0.04475854296874998 0.326832981838863 0.07108890928128155 0.37833084413427165 0.2546586809844523
0 0.6234554486925914 0.18164106496794938 0.5744792541290289 -0.005088392760660726 0.47441386207706243 0.021157182896389917 0.523390056640625 0.207886640625
15 0.3077255053754556 0.5098710509982178 0.2558228671875 0.333975337890625 0.1653652211870445 0.36066723611115725 0.21726785937500004 0.53656294921875
15 0.45012081054687497 0.45942075 0.4035725859374999 0.2822934980468749 0.30955057609778885 0.3070020484477018 0.35609880070716393 0.48412930040082686
15 0.6122549108348814 0.41011737210786037 0.55730962109375 0.23229848242187498 0.46181056963386874 0.2618072880483896 0.516755859375 0.439626177734375
14 0.43283425357637234 0.6961244853208451 0.3842066464843751 0.52356858984375 0.2920366487673777 0.5495428193666547 0.340664255859375 0.7220987148437499
14 0.5899886523437501 0.640849724609375 0.54194230859375 0.46409504101562493 0.44742175024287056 0.48978809279583174 0.4954680939928705 0.6665427763895817
7 0.3554520367458194 0.8671653625428886 0.31993973046875 0.7442309648437501 0.19375008239480568 0.7806836218321115 0.22926238867187504 0.90361801953125
7 0.8319517031249999 0.7565322363281253 0.79704183002304 0.6283830807116775 0.6583065485103823 0.6661767832848527 0.6932164216123424 0.7943259389013005
6 0.8029728727198026 0.5204378501403017 0.7752310546875 0.48757330664062504 0.7511987483739475 0.5078596029846982 0.7789405664062501 0.5407241464843751
10 0.5021263321136731 0.38173421374850697 0.474139177734375 0.35800510937500013 0.455854892495702 0.37957040343899334 0.4838420468750001 0.4032995078125002
17 0.46585526953125 0.43641227148437506 0.46356093581140523 0.3975657757558197 0.4364961512920249 0.39916426351072676 0.4387904850118697 0.4380107592392821
18 0.33486341866246266 0.8200324116133412 0.3249078851884094 0.7801029461408394 0.2919656719930309 0.7883163620304622 0.3019212054670842 0.8282458275029639
13 0.391103186074602 0.812877349541214 0.3766290656920871 0.7651240130418993 0.34363777231748804 0.7751237321586077 0.35811189270000293 0.8228770686579225