0 0.323414138671875 0.02071309179687504 0.22941435209140806 0.008317513194237701 0.20556263476562503 0.18919300195312502 0.29956242134609196 0.20158858055576234
0 0.482111943359375 0.04603092187500007 0.38615489824375515 0.029407430640653327 0.354449076171875 0.21242536328125006 0.45040612128749485 0.22904885451559678
0 0.6282817753906251 0.05606467382812509 0.5323807627323605 0.03858584063554016 0.4981950420726042 0.2261524358195943 0.5940960547308688 0.24363126901217924
0 0.788589767578125 0.0775180156250001 0.6871462837730254 0.0572416018159973 0.64907691015625 0.24770377734375007 0.7505203939613496 0.26798019115275284
15 0.35331546875 0.24373781250000004 0.26031171608979586 0.22807430934089473 0.22985389257812505 0.408920947265625 0.32285764523832916 0.4245844504247303
15 0.5087678632812501 0.26205569531250006 0.41342992499018183 0.24304705748504274 0.3776197160058068 0.4226533777975428 0.47295765429687503 0.4416620156250001
15 0.66886216796875 0.28451435546875004 0.5700923813569337 0.2691726651940236 0.541526208984375 0.45308165429687514 0.6402959955961912 0.46842334457160156
14 0.5534371953125001 0.48611513476562507 0.4572195875598859 0.46777281156991873 0.4229192027942609 0.6477009990699188 0.5191368105468751 0.6660433222656252
7 0.23109909375000004 0.6405801113281251 0.10012082601949764 0.6191936944570033 0.0797281523437501 0.7440859140625 0.2107064200742525 0.7654723309336218
7 0.7097006045342497 0.7453967249781301 0.5692352498515567 0.7198159481620288 0.5454345300829322 0.8505069184963986 0.6858998847656251 0.8760876953125
6 0.763350851327059 0.6511839833787668 0.7528235371093751 0.6094843164062501 0.7223305158604411 0.6171824502149833 0.732857830078125 0.6588821171875
10 0.5537554432497725 0.39463553658494155 0.5390029101562499 0.36103919921875005 0.5131155001096023 0.37240665482130864 0.5278680332031249 0.40600299218750013
17 0.5121529940100025 0.39195889363591935 0.4871265956430774 0.38153118456957064 0.4721595469455748 0.4174519530430263 0.49718594531249993 0.427879662109375
5 0.4437983415871135 0.4226607767792544 0.416945803008006 0.41375883627518173 0.4061402719677676 0.44635352043342746 0.4329928105468751 0.45525546093750013
11 0.26384554182657083 0.7416167753402183 0.23304162185496316 0.7252751191569649 0.21068996131832546 0.7674078598462906 0.24149388128993315 0.7837495160295439
17 0.27991121371693733 0.6673169813826139 0.24918637096734814 0.6540104212944188 0.2284915086430157 0.7017948514119822 0.2592163513926049 0.7151014115001771
12 0.2952179346357516 0.19470317085939864 0.261037966796875 0.16943029492187497 0.2403863927189218 0.19736024399263286 0.2745663605577983 0.22263311993015653
14 0.3844353789062501 0.48700546875000006 0.2882357203312472 0.4720322503043577 0.2601872359562472 0.6522376370231078 0.3563868945312501 0.6672108554687501
1 0.1929706894531251 0.656666330078125 0.15373654101562506 0.655689599609375 0.15278111322316237 0.6940680438476988 0.1920152616606624 0.6950447743164488
18 0.21731445955215736 0.7394587113543615 0.1870726282752593 0.7262504371887433 0.16904510614993484 0.767526479434577 0.1992869374268329 0.7807347536001952