15 0.3303541305334445 0.4537282281234537 0.31776421875 0.2726930546875 0.22191196084607942 0.2793590050017424 0.2345018726295239 0.4603941784376961
15 0.47654970507812505 0.43867122070312503 0.46795313476562506 0.25566652734375 0.3708499207443344 0.26022791094315595 0.3794464910568344 0.443232604302531
14 0.5780002412338584 0.6652938635634957 0.562902791015625 0.478322966796875 0.46477462985989154 0.48624657979587926 0.479872080078125 0.6732174765625
7 0.7578242910156249 0.8134490117187498 0.755353797747562 0.6775644066741311 0.610414509765625 0.6801995214843749 0.6128850030336879 0.8160841265289936
7 0.2770732305718021 0.8155405621573157 0.267928185546875 0.68926422265625 0.13459352138132288 0.6989204378426842 0.14373856640625002 0.82519677734375
0 0.23801417127746663 0.25377714924007355 0.22554244531250003 0.073654638671875 0.1314384908319084 0.08017041911930142 0.143910216796875 0.2602929296875
0 0.38129856466908935 0.24172496634556584 0.37422375390625007 0.05871214843750001 0.27625909548716077 0.062499213341934215 0.28333390625000004 0.24551203125000004
0 0.5386031366589215 0.22638830911046662 0.528951345703125 0.03646116796875 0.42855404693482846 0.04156319674890838 0.43820583789062495 0.231490337890625
0 0.6817891884002306 0.21179971913576662 0.6745110898437499 0.019514515625000013 0.5725651689483092 0.023373223659529863 0.57984326750479 0.21565842717029646
15 0.6446396065214112 0.4280643782519017 0.6367111289062501 0.24140152734375 0.5356504032442141 0.24569406706059832 0.5435788808593751 0.43235691796875
14 0.4095802593088381 0.6662736279263106 0.397104732421875 0.4853324238281251 0.29838646920678685 0.4921388466830644 0.31086199609375 0.67308005078125
18 0.19337076768453296 0.2494242728527242 0.15354493359375004 0.23748797460937507 0.14308999208109208 0.27237121542852594 0.182915826171875 0.28430751367187507
3 0.6193056393825438 0.5858967736241782 0.595217041015625 0.5611049492187501 0.5666435793674562 0.5888679177820719 0.590732177734375 0.6136597421875001
20 0.07092911956930706 0.7634991303110578 0.031300116344680495 0.7567824017839626 0.021504805353496942 0.8145751813030281 0.061133808578123505 0.8212919098301232
4 0.5602399812787658 0.4011946581109233 0.5554037716758811 0.3634128961487564 0.5274574446939903 0.3669901325690831 0.532293654296875 0.40477189453125
20 0.39377579265723067 0.12877377323131645 0.36060697656249996 0.11863021484375003 0.34618746906151926 0.1657811232530586 0.37935628515625 0.17592468164062502