0 0.3475158515625 0.01073512500000004 0.254303631296838 -0.0066046551690666505 0.22074205468749997 0.173809919921875 0.31395427495316197 0.19114970009094168
0 0.5045649726562501 0.03577451367187508 0.4104409490950485 0.016092137329128717 0.3725191174329883 0.19743992352564207 0.46664314099418985 0.21712229986838844
0 0.6491568691406251 0.05960694335937508 0.5529729639612234 0.03855425271748729 0.5121082968750001 0.22525358398437512 0.6082922020544018 0.2463062746262629
0 0.8041836875000001 0.08623444140625008 0.7047916241870203 0.06302765285129677 0.66037355078125 0.2532652617187501 0.7597656140942298 0.27647205027370336
15 0.36719446875 0.23541848437500001 0.27482708810932965 0.21535688555740654 0.23643848989340233 0.3921052243070928 0.3288058705340727 0.41216682312468633
15 0.5179616875 0.2630355703125001 0.42350789483744256 0.23990827177981666 0.3811686096811924 0.41282540068606655 0.47562240234375 0.43595269921875
15 0.6792166621093749 0.29026690625000007 0.5817825434592406 0.2663352424045127 0.5378462016623656 0.44521535568576265 0.6352803203124999 0.46914701953125
14 0.3854354433593751 0.45652165039062503 0.2908983185614026 0.4360168848274819 0.25280698828125003 0.611636783203125 0.3473441130792225 0.632141548766268
14 0.5543568886718753 0.4879371972656252 0.45947721231668526 0.46337401956166635 0.4138369818479351 0.6396675898741664 0.5087166582031251 0.6642307675781252
7 0.22341848437500006 0.6229339375 0.09503202921841943 0.5951060571476545 0.06779589843750009 0.7207624218750002 0.19618235359408073 0.7485903022273457
7 0.6966702327456151 0.7529353844526688 0.5576908984375001 0.719956908203125 0.5270366168637599 0.8491415198442063 0.6660159511718748 0.8821199960937501
1 0.7137227436367639 0.8931088776282442 0.680821335698664 0.8828527036285604 0.6671289279994 0.9267774158440663 0.7000303359375 0.9370335898437501
18 0.2867326377366182 0.3866571356750139 0.25536675253142094 0.37481988108252473 0.2400388131761339 0.41543524358011064 0.2714046983813312 0.42727249817259977
10 0.4662546205117577 0.7441172314998858 0.44242567223896523 0.7304556690509816 0.4189693935240825 0.7713688848167208 0.442798341796875 0.7850304472656251
3 0.8786139306582448 0.4723230057203883 0.866921166015625 0.43642108398437507 0.8234408154355053 0.45058203920148676 0.835133580078125 0.4864839609375
13 0.4086505502750709 0.38680283031497154 0.386745601825446 0.3469275860658205 0.35546942872542603 0.36410874626578776 0.377374377175051 0.4039839905149388
5 0.4785477556947273 0.6287750820619648 0.4546206570953225 0.6183558782627764 0.43624501779044783 0.6605544705879487 0.4601721163898526 0.6709736743871371
13 0.35281088361818397 0.33882249550133037 0.32129581640625 0.32323981054687506 0.30392459594529353 0.3583720860167607 0.3354396631572275 0.373954770971216