0 0.22762000942841748 0.2637572006006125 0.203787794921875 0.08180164453125001 0.10977942025908248 0.09411469393063752 0.133611634765625 0.27607024999999996
0 0.3774397199522228 0.25264445595531043 0.36286037109375 0.06522315234374998 0.26572864629652626 0.07277894922359064 0.2803079951549991 0.26020025283515114
0 0.5245963316670532 0.22525879854332975 0.505767673828125 0.035069306640625 0.4077857054423218 0.04476946903479525 0.42661436328124996 0.2349589609375
0 0.677977843726557 0.20714029747299165 0.6614352890625 0.012487640624999997 0.5597365273671929 0.021130509167633378 0.5762790820312499 0.21578316601562503
15 0.3100427619990654 0.4693675815658267 0.29193424999999995 0.28940719140625 0.19788827507299778 0.29887056645183246 0.21599678707206324 0.4788309566114092
15 0.45702382421874993 0.44662049023437506 0.4439474519800521 0.26907627317809485 0.3469661453394271 0.27621907786559485 0.36004251757812494 0.45376329492187506
15 0.6191251347656249 0.428853154296875 0.6057150099945178 0.2451450731189683 0.5056511291351429 0.25244942858771835 0.51906125390625 0.436157509765625
14 0.39564960813520145 0.6728473458550293 0.3776070839843749 0.49405202734375 0.28136061452104855 0.5037644139105957 0.29940313867187507 0.682559732421875
14 0.5590401328125001 0.6534991464843749 0.547968861328125 0.47173039062499994 0.4501424878863539 0.4776888532528875 0.46121375937072895 0.6594576091122625
7 0.2886102237490719 0.8293701040613238 0.27494402343749996 0.7023855117187501 0.14350261414155305 0.7165313588293013 0.157168814453125 0.8435159511718751
7 0.775972125 0.8121159609375002 0.7651711695521989 0.6797497137677468 0.622837728515625 0.6913639824218751 0.6336386839634262 0.8237302295916284
1 0.8252909609375001 0.85383087109375 0.8245653142436015 0.8077018824192965 0.7901518644482841 0.8082432341113064 0.7908775111421827 0.8543722227857599
18 0.2603433432543103 0.5008051010512345 0.26010087149253186 0.45690440975814833 0.22671778201588733 0.45708879083007653 0.22696025377766577 0.5009894821231629
10 0.5433426096139751 0.7425971792530731 0.5164582789517838 0.7369678115054721 0.5067929115253087 0.7831269799086491 0.5336772421875 0.7887563476562501
3 0.8515305828745277 0.35667947480317447 0.829315798828125 0.3261479824218751 0.7923395069692225 0.35305201738432573 0.814554291015625 0.3835835097656251
13 0.37814166178727077 0.4205716233285216 0.3449866875979819 0.3894170165842288 0.32055055087898976 0.41542214285187246 0.3537055250682786 0.4465767495961653
5 0.4907662546790389 0.7105596144931707 0.47673634960937505 0.6753263222656251 0.4496647707115863 0.6861062312099544 0.4636946757812501 0.7213395234375001
4 0.5856809502264129 0.715214736108979 0.5587696285549371 0.7111639837223022 0.5528708130941493 0.7503529800351982 0.5797821347656251 0.7544037324218751
17 0.4113031493891597 0.19079421546083516 0.3864310097656249 0.14640544921875007 0.36077563381396516 0.1607808001641649 0.3856477734374999 0.20516956640625
8 0.6105982332663707 0.28879105557888995 0.59160271484375 0.24279598632812502 0.5620908928742246 0.254984083161959 0.5810864112968454 0.30097915241272394
11 0.28129626953125 0.58769773828125 0.27720805078125 0.553915400390625 0.243511854452318 0.5579931945942598 0.24760007320231797 0.5917755324848848
3 0.2999186467835273 0.48409869038252185 0.26460215234375006 0.46082534375 0.2451849196227228 0.4902903193831032 0.28050141406250007 0.5135636660156251
18 0.3677279881837394 0.7436409498020862 0.34150042578125017 0.7339241464843751 0.3250615059568859 0.778296022854164 0.3512890683593751 0.7880128261718751
10 0.553117948005825 0.6788518156787653 0.5317651953125 0.6343244023437501 0.5011525969160499 0.6490044206493598 0.522505349609375 0.693531833984375