0 0.21367545585586722 0.281357921240979 0.182606208984375 0.10570078710937497 0.08955653537197296 0.12215889053379689 0.12062578224346521 0.29781602466540097
0 0.36014192154022473 0.25313421176943307 0.328534892578125 0.07223469335937502 0.23313147776813734 0.08890371780723023 0.264738506730237 0.26980323621728824
0 0.5099529132060986 0.21967735875630723 0.481230890625 0.03690125195312499 0.38264842429125384 0.052392816324759554 0.41137044687235247 0.2351689231279418
0 0.6520906381049935 0.1926537178342182 0.624096466796875 0.003811263671875023 0.5223856803391261 0.01888896001198885 0.5503798516472446 0.20773141417433205
15 0.3264467509794509 0.4717145310064788 0.29500248046875 0.29298709375000004 0.20037209263573919 0.30963581629215614 0.2318163631464401 0.4883632535486349
15 0.470267564453125 0.44145840820312493 0.442588888671875 0.2603548203125 0.3464944111222695 0.27504126534345363 0.37417308690351947 0.45614485323407855
15 0.63609505859375 0.41176855859375006 0.611354697265625 0.22926682617187502 0.5103824994117608 0.24295485327084468 0.5351228607398859 0.4254565856927197
14 0.42726977797327403 0.6737532071828229 0.397666779296875 0.495980208984375 0.3031999700736009 0.5117109490671771 0.33280296874999993 0.689483947265625
14 0.5948508606665489 0.6562351217113916 0.5602923359375002 0.471866583984375 0.46352997527095124 0.49000397594485834 0.4980885 0.674372513671875
7 0.78917624609375 0.784781927734375 0.7708503586034164 0.6485426013102201 0.6279170084547535 0.6677689184257783 0.6462428959450871 0.8040082448499333
7 0.3112774183351221 0.8371141887406919 0.288982998046875 0.7124855234375002 0.1573881031492529 0.7360261100874332 0.1796825234375 0.860654775390625
18 0.8664797558593751 0.9141857421875 0.8638837801228284 0.8593665128999031 0.8283759717375921 0.8610479923775227 0.8309719474741388 0.9158672216651198
21 0.5784183831838761 0.9827842723283371 0.5500568125000003 0.9520011660156251 0.5230326990963122 0.9768994428393409 0.5513942697801881 1.007682549152053
6 0.7254405921890636 0.6669342986604384 0.6933054643485583 0.6600628997865936 0.6846004698157447 0.7007731128449052 0.7167355976562501 0.7076445117187501
19 0.37767526913312577 0.9396718469848759 0.3638293494952646 0.896503579358002 0.3360016623933887 0.9054291151856259 0.34984758203124994 0.9485973828124998
17 0.40757436517054174 0.9192823295584476 0.39306619960457956 0.8761497758307069 0.3617454928734231 0.8866848812122905 0.3762536584393853 0.9298174349400311
5 0.201707306244728 0.2602046535063965 0.1619068515625 0.23469882421875 0.14483493398964703 0.2613386199311036 0.184635388671875 0.2868444492187501
2 0.2921327106539965 0.6846008746720116 0.27059908007812505 0.6577335878906251 0.23772013895537852 0.6840854475936134 0.25925376953125 0.710952734375
18 0.32980502763188807 0.5248731574070935 0.297773541880353 0.5090601640239593 0.2793336971899679 0.5464127138005607 0.311365182941503 0.5622257071836949
2 0.38699143337527414 0.23732100193479877 0.3869207884834687 0.19201100722327885 0.35007575434410726 0.19206845400664124 0.3501463992359127 0.23737844871816116
18 0.7735303808819584 0.21855934297333793 0.74476537890625 0.20148440234375012 0.7188031816180418 0.24522116679228728 0.7475681835937501 0.2622961074218751
5 0.4269150976562501 0.60122521484375 0.39833985531541855 0.6010169007310059 0.3980334590275001 0.6430464495900235 0.4266087013683316 0.6432547637027677
4 0.537120940074357 0.6816034599049067 0.51130086328125 0.642690064453125 0.481780587269393 0.6622775557200935 0.5076006640625 0.7011909511718751