0 0.21367545585586722 0.281357921240979 0.182606208984375 0.10570078710937497 0.08955653537197296 0.12215889053379689 0.12062578224346521 0.29781602466540097
0 0.36014192154022473 0.25313421176943307 0.328534892578125 0.07223469335937502 0.23313147776813734 0.08890371780723023 0.264738506730237 0.26980323621728824
0 0.5099529132060986 0.21967735875630723 0.481230890625 0.03690125195312499 0.38264842429125384 0.052392816324759554 0.41137044687235247 0.2351689231279418
0 0.6520906381049935 0.1926537178342182 0.624096466796875 0.003811263671875023 0.5223856803391261 0.01888896001198885 0.5503798516472446 0.20773141417433205
15 0.3264467509794509 0.4717145310064788 0.29500248046875 0.29298709375000004 0.20037209263573919 0.30963581629215614 0.2318163631464401 0.4883632535486349
15 0.470267564453125 0.44145840820312493 0.442588888671875 0.2603548203125 0.3464944111222695 0.27504126534345363 0.37417308690351947 0.45614485323407855
15 0.63609505859375 0.41176855859375006 0.611354697265625 0.22926682617187502 0.5103824994117608 0.24295485327084468 0.5351228607398859 0.4254565856927197
14 0.42726977797327403 0.6737532071828229 0.397666779296875 0.495980208984375 0.3031999700736009 0.5117109490671771 0.33280296874999993 0.689483947265625
14 0.5878718211460797 0.6456628596236238 0.561837349609375 0.46545737304687496 0.4632806085414203 0.4796959665482512 0.48931508007812496 0.659901453125
7 0.78917624609375 0.784781927734375 0.7708503586034164 0.6485426013102201 0.6279170084547535 0.6677689184257783 0.6462428959450871 0.8040082448499333
7 0.3112774183351221 0.8371141887406919 0.288982998046875 0.7124855234375002 0.1573881031492529 0.7360261100874332 0.1796825234375 0.860654775390625
19 0.3868537314514737 0.8996743576217874 0.359173216796875 0.8852600625000001 0.3350612861266514 0.9315634470657128 0.3627418007812502 0.9459777421875001