0 0.21302024656216917 0.2699807224753202 0.17039289062499996 0.08854280273437501 0.07850643740452504 0.11013077372095655 0.12113379334169423 0.29156869346190173
0 0.35428312619075536 0.25580675728888924 0.32673903125 0.07660091406250001 0.2312673269342446 0.09127499857048582 0.25881142187499995 0.27048084179687504
0 0.506888940740213 0.21950006065470595 0.47843208984375 0.03309918554687502 0.38051200454044926 0.048048135038839555 0.40896885543691214 0.2344490101466705
0 0.6496268976603201 0.1922446141564405 0.6236095337867976 -0.00016536765424395028 0.5217950463317119 0.013601821255536745 0.5478124102052344 0.20601180306622122
15 0.314287271484375 0.5196933691406251 0.2925964453265918 0.34303577618462994 0.19992847656249998 0.35441397265625 0.22161930272028324 0.5310715656122452
15 0.468736009765625 0.44164646093750004 0.441823111328125 0.26044884570312504 0.34492297524028603 0.27484121790812743 0.37183587367778603 0.45603883314250243
14 0.42354970703125006 0.6814509375 0.39590545741408356 0.5044788534713676 0.3028472386640836 0.5190151835494926 0.33049148828125 0.695987267578125
14 0.5924187426588743 0.650202127084121 0.5585100488281249 0.47001256249999995 0.4611294663255006 0.4883379764315041 0.4950381601562499 0.6685275410156251
7 0.3075939394531251 0.83873065625 0.2872007109375 0.710631501953125 0.159010668657317 0.7310391997244067 0.17940389717294203 0.8591383540212817
7 0.7886747773437499 0.7806977851562499 0.7697364492115342 0.6457986271433781 0.6277039245133529 0.6657383999173827 0.6466422526455687 0.8006375579302545
21 0.45609379283926377 0.7877984745753659 0.4292550913982972 0.7821796017658339 0.41844232199653353 0.8338270939873431 0.4452810234375001 0.8394459667968751
2 0.4871721431238334 0.7901902427661444 0.46780625195312503 0.7506472734375002 0.4379863060949166 0.7652513822338559 0.457352197265625 0.8047943515625001
9 0.5548592031249999 0.915132755859375 0.551836663412157 0.8622136548127898 0.521689847354454 0.8639355273871172 0.524712387067297 0.9168546284337025
20 0.6304727676654645 0.6968494167722106 0.606462947265625 0.6579555839843751 0.5820802284282856 0.6730074484621646 0.606090048828125 0.7119012812500001
10 0.11211191831345887 0.627092399239887 0.09737165961347033 0.5814988160937103 0.057824767906117416 0.5942841989112416 0.07256502660610596 0.6398777820574183
21 0.43071752900996196 0.03142127968288591 0.42272993172589707 0.00549554501169823 0.39663131332062557 0.013536406963566797 0.40461891060469046 0.03946214163475448
4 0.5421148164062501 0.6150668515625001 0.5175672001868421 0.6143048404855663 0.5164188753784037 0.6512972642784047 0.5409664915978117 0.6520592753553385
21 0.3197622789272249 0.590547305430355 0.2863474708997284 0.5802803261753647 0.2722748679188157 0.6260808791301996 0.30568967594631224 0.6363478583851898
13 0.3901846087080686 0.7237780340221432 0.3713868012942555 0.6794941803702499 0.34006111055493693 0.6927914490824817 0.35885891796874997 0.737075302734375
21 0.43744263583284676 0.579999622990139 0.4127539572774633 0.569260035457415 0.39644869839774155 0.6067433460610261 0.42113737695312503 0.61748293359375
15 0.6454702370385121 0.2732603663468118 0.5439671241003258 0.2685206480268311 0.5349848226086887 0.46088051019564447 0.6364879355468751 0.46562022851562507
4 0.5854203742875155 0.44141040123351094 0.560387466796875 0.4283202167968751 0.5439343991499846 0.45978410657898927 0.5689673066406251 0.47287429101562517
3 0.38864588079054413 0.423395824105863 0.3557465562521274 0.41077999595826525 0.3403326410334202 0.45097612048176317 0.3732319655718369 0.46359194862936093
5 0.2718639192905787 0.42074082005193475 0.23718054492187501 0.41721534765625007 0.23328729750629637 0.45551686940119035 0.267970671875 0.45904234179687503
10 0.32052568649248636 0.6968961566244721 0.31411425 0.6575727421875 0.2805519990543886 0.6630448570474029 0.286963435546875 0.7023682714843751