0 0.23332401684959075 0.25894291556453936 0.21270949609375 0.077669947265625 0.1185031433066592 0.08838317623233559 0.13911766406249998 0.2696561445312499
0 0.386330256636328 0.24909510548524386 0.372818234375 0.06384325585937503 0.27568993672304704 0.07092766404600623 0.289201958984375 0.2561795136718751
0 0.529279791570523 0.22848261883650464 0.5170735820312501 0.03821728124999998 0.4197927268278458 0.04445819994719859 0.4319989363671187 0.23472353753370326
0 0.6869481952455121 0.21426580184378974 0.677809775390625 0.020251353515625008 0.574474289129488 0.025118635656210274 0.583612708984375 0.21913308398437503
15 0.3098748573801162 0.46967922827502623 0.29567719140625 0.286836095703125 0.20164670316675873 0.29413751000622373 0.215844369140625 0.47698064257812495
15 0.45964769140625006 0.44993703710937505 0.45094348242187504 0.26700251953125004 0.35383888183680184 0.27162285443592854 0.36254309082117686 0.45455737201405355
15 0.6284895211814551 0.43542063174042656 0.6117155429687501 0.250063744140625 0.5121681487404199 0.2590723428689485 0.5289421269531249 0.44442923046875005
14 0.558737880859375 0.656481513671875 0.548490830078125 0.47359994531249994 0.4506938864914331 0.47907961314438674 0.4609409372726831 0.6619611815037618
7 0.2822727861852339 0.829088706802901 0.2730960078125 0.701457296875 0.14208497162726608 0.710877072493974 0.15126175 0.838508482421875
7 0.7713617109375 0.8199430312500001 0.7638584098929238 0.6873360703854351 0.6202970744722959 0.6954592029193486 0.6278003755168721 0.8280661637839136
6 0.7921029213008812 0.582982836564933 0.7718002499999999 0.5450686132812501 0.7440753482303686 0.5599150091381923 0.7643780195312497 0.5978292324218751
17 0.4856544881784828 0.39222810144524145 0.45884879109244914 0.38816457368553947 0.45301634783584144 0.4266391988027981 0.4798220449218751 0.4307027265625001
5 0.4267577196317576 0.4385544949187024 0.398549242733024 0.43641319750274515 0.3959500504450164 0.4706537728965428 0.42415852734375004 0.47279507031250007
11 0.32931272770717335 0.7915706597888078 0.2954704110387947 0.7831665625118659 0.28397552224796996 0.8294551350625682 0.3178178389163487 0.8378592323395101
17 0.32197855031310396 0.712366761405833 0.28806042853681224 0.7111695491699255 0.28615890102380914 0.7650415693619994 0.32007702280010086 0.7662387815979069
12 0.22744284766509124 0.2533130564471147 0.18816411132812502 0.23705977734375006 0.17488284422903616 0.26915615526775566 0.21416158056600237 0.2854094343711203
14 0.4011047851562499 0.6969871328125001 0.38511973862341636 0.5153142962072824 0.28813624643591645 0.5238476887854074 0.30412129296875 0.7055205253906252
1 0.24767619591495532 0.764686390564167 0.23999178710937497 0.7262897832031249 0.20151785632830355 0.733989666937627 0.20920226513388387 0.7723862742986691
18 0.28364173294116657 0.8007335862167809 0.25110284391791904 0.7952338152920542 0.24359639413574347 0.8396450352798986 0.276135283158991 0.8451448062046254
20 0.20812731702338713 0.49704235787595813 0.19310301095167273 0.45535591073267856 0.15904289897686966 0.46763159221225997 0.17406720504858406 0.5093180393555395
1 0.5185250952019516 0.3982531449633267 0.4990709160156248 0.36311755664062506 0.4724715168654404 0.37784534410681553 0.49192569605176706 0.41298093242951717