0 0.25253638762518527 0.2279191145696332 0.238816986328125 0.04204661132812499 0.14468470541308676 0.04899459187586109 0.15840410671014699 0.23486709511736933
0 0.39510637109375 0.054709671875000046 0.2985145514243728 0.05426802796192879 0.2976855605468751 0.23557639648437503 0.39427738021625236 0.2360180403974463
0 0.5518561231702326 0.22341999926690811 0.5517370058593751 0.035473544921875 0.4524036561266426 0.03553650073309189 0.4525227734375001 0.223482955078125
0 0.7003332578125001 0.02522082421875009 0.5976186117457233 0.022891221183453055 0.5932136459020303 0.21711079452526144 0.6959282919688071 0.2194403975605585
15 0.32639521484375006 0.2756972324218751 0.23219911940584492 0.27403273629707264 0.22899139618409214 0.455562148250778 0.3231874916219973 0.45722664437558047
15 0.48001342187500007 0.25429724804687504 0.38205482399527724 0.2533539052586052 0.3802908279015272 0.4365307802586051 0.47824942578125 0.437474123046875
15 0.6532144960937502 0.2469624101562501 0.5529098090722071 0.24430093036363063 0.5480199653960769 0.42858722135056326 0.6483246524176199 0.43124870114318276
14 0.39639035033670245 0.4881394235140661 0.3022037681469285 0.48798977477033645 0.3019191756227262 0.6671078649281456 0.3961057578125001 0.6672575136718752
14 0.5677841254992848 0.6628103658442104 0.56248076171875 0.47953474609375 0.4634323705944652 0.4824008646245398 0.46873573437499993 0.6656764843750002
7 0.2569736289062499 0.8044613789062501 0.2568705957031249 0.6747491367187501 0.12706631965142923 0.6748522430263382 0.12716935285455422 0.8045644852138382
7 0.7458775499551696 0.6887367153405592 0.6016758632812501 0.6837010820312501 0.5970082176229558 0.817364979971941 0.7412099042968753 0.8224006132812501
21 0.41161274960674366 0.7773867529758104 0.3859834625850086 0.7676385616534327 0.36722437118139006 0.8169586993026223 0.3928536582031251 0.826706890625
2 0.44193432118450815 0.7846107984530016 0.42899273828125 0.7425251757812502 0.3972553389717418 0.7522846175626237 0.410196921875 0.7943702402343751
9 0.49453576886705986 0.8658632437983208 0.4644907502787765 0.8628479161302812 0.4591977060210917 0.9155883246757104 0.48924272460937507 0.91860365234375
20 0.5980723982499132 0.7148363096554963 0.580442513671875 0.6726653632812499 0.5540053556563367 0.6837176180788785 0.5716352402343748 0.7258885644531249
3 0.4276984748273563 0.43056594725675795 0.40058535813656915 0.4105743428098529 0.3769087563560878 0.442685145553095 0.4040218730468749 0.4626767500000001