0 0.2431916490286694 0.23672121614786018 0.22299375 0.051440740234375004 0.1291612929120837 0.06166965660848149 0.14935919194075312 0.24695013252196665
0 0.3851289467676642 0.23986851712823523 0.37962986132812493 0.058641666015625 0.2830814692479607 0.06157129732488973 0.28858055468749993 0.24279814843749994
0 0.5410219343538191 0.22243041626486443 0.5354937499999999 0.033950925781249995 0.43648172746113156 0.036854990899608 0.44200991181495064 0.22533448138322243
0 0.6860175485103123 0.2127735073978653 0.683641666015625 0.018518517578125 0.5809082885568064 0.019775022923758594 0.5832841710514937 0.2140300127434989
15 0.3218024334270075 0.4634233678009075 0.31867291601562503 0.28189259179687504 0.2244761121627068 0.2835165067287857 0.22760562957408928 0.46504728273281815
15 0.47608055468750005 0.43827129687499994 0.4714506953125 0.25514444531249997 0.37351884923623496 0.2576203830125074 0.378148708611235 0.44074723457500736
15 0.645834910932027 0.4261141269929305 0.6442902773437501 0.24176944531249997 0.5439538084739067 0.24261016975614916 0.5454984420621837 0.4269548514365797
14 0.40200624999999995 0.670781482421875 0.39613552689084014 0.4917595354053127 0.30199941556271515 0.4948465705615628 0.30787013867187496 0.673868517578125
14 0.5734248325940904 0.6603455544500512 0.56172847265625 0.4773666660156249 0.4628404447496595 0.4836877775811987 0.4745368046874999 0.666666666015625
7 0.26774722265625 0.812757408203125 0.263117361328125 0.6831277773437501 0.1333957559358369 0.687760923640985 0.1380256172639619 0.8173905545003599
7 0.752314583984375 0.680040740234375 0.608025 0.680040740234375 0.608025 0.813786111328125 0.752314583984375 0.813786111328125
21 0.4213472512292375 0.7803024476587324 0.3953933695479203 0.7714546428853231 0.378366952303058 0.8213994178828408 0.4043208339843752 0.8302472226562501
2 0.4519024666924673 0.7864638830990078 0.43750000000000006 0.7448555546875 0.4061225333075328 0.7557166715884921 0.42052500000000004 0.797325
9 0.5073075405750792 0.8658310692200472 0.47717559109597374 0.8638661341830485 0.47372638450526955 0.9167591391817513 0.5038583339843751 0.91872407421875
20 0.605510334250875 0.7112827614432642 0.5864194453125 0.6697527773437502 0.560384111061625 0.681720941681736 0.579475 0.72325092578125