15 0.3311875212535658 0.4507745471023776 0.32175902734375 0.26954722265625 0.22580503232231577 0.27453930461986703 0.23523352623213162 0.45576662906599463
15 0.47762361132812486 0.4382712968750001 0.4722222226562499 0.2551444453125001 0.3750541918151346 0.258010449377854 0.38045558048700956 0.441137300940354
14 0.5751035858150741 0.6666299809336813 0.5632715273437501 0.47942407421875 0.46502002551305094 0.4856339077381937 0.47685208398437506 0.672839814453125
7 0.7542311619698416 0.6842060778974455 0.60725277734375 0.6820990742187499 0.6053361993582835 0.8157939221025544 0.7523145839843751 0.81790092578125
7 0.2716002429591337 0.8116018942420472 0.26466041601562507 0.6851851855468752 0.13117753438461638 0.6925129202110781 0.138117361328125 0.8189296289062501
0 0.2423512551689738 0.2492423667878331 0.233025 0.06892962890624998 0.13882166084665118 0.07380207657154189 0.14814791601562496 0.254114814453125
0 0.3858241633937894 0.2396926768511426 0.3819444453125 0.056584259765625006 0.2839286159030856 0.0586610282269824 0.287808333984375 0.2417694453125
0 0.543372440626188 0.22710369971577204 0.5370368046875 0.037037037109375004 0.4365657527331871 0.04038611473735298 0.442901388671875 0.23045277734375003
0 0.686791290265382 0.21501627174597412 0.6828701386718751 0.022633333984374997 0.5808724002442192 0.02471225324417613 0.5847935518377261 0.21709519100577526
15 0.645873026158171 0.430599644609516 0.6412034726562501 0.2438268515625 0.5400832238418293 0.24635498429673408 0.5447527773437502 0.4331277773437501
14 0.40669215607943227 0.6646702623138921 0.397376388671875 0.4835388886718751 0.29855437126431783 0.48862140370173307 0.30787013867187507 0.6697527773437502
18 0.1977906170720072 0.244111017537194 0.15817916601562504 0.231481482421875 0.1471170215998679 0.26617694730655606 0.18672847265625006 0.278806482421875
3 0.6177883637921899 0.5879658604490638 0.594136111328125 0.562757408203125 0.5650824701921852 0.5900174735353112 0.58873472265625 0.61522592578125
20 0.06639577434273233 0.7559706779280746 0.02689003033330578 0.7485633518051928 0.016087589251331025 0.8061763777448931 0.05559333326075758 0.8135837038677749
4 0.5619551972922049 0.40226103865071344 0.5577791063011587 0.36440062694527287 0.5297746043214536 0.36748958829455947 0.5339506953125 0.40535000000000004
20 0.40027076104184134 0.12697644118145648 0.36728402734374993 0.11625555468750004 0.3520438209894086 0.16314763108416858 0.3850305546875 0.17386851757812505