0 0.25380623239331723 0.2365799007071573 0.24912410742187496 0.053129972656249996 0.15434365627855773 0.05554901921471767 0.15902578125 0.23899894726562498
0 0.40855848742933953 0.2302391366388331 0.40794731054687505 0.04496984375 0.311787925811485 0.045287059798412015 0.3123991026939495 0.23055635268724514
0 0.5543345683593751 0.03821913085937507 0.4558754111965992 0.037624250477411685 0.454720708984375 0.2287399941406251 0.553179866147151 0.2293348745225885
0 0.7115098476562501 0.03203286718750009 0.6094647766713177 0.02999797411930085 0.605569966796875 0.22531347070312505 0.7076150377818075 0.2273483637713243
15 0.3150869980468751 0.268812048828125 0.22056702426162283 0.26839310221564117 0.21976535471335898 0.44926050256791633 0.31428532849861124 0.44967944918040015
15 0.4683015058593751 0.2644793671875 0.3711033178961366 0.2614955040500344 0.3656407417242616 0.4394368106906595 0.46283892968750007 0.44242067382812506
15 0.6316943867187501 0.25758883789062503 0.5314137642457513 0.2544378304320349 0.5256288033082512 0.4385438636351599 0.6259094257812501 0.44169487109375005
14 0.3837382148437501 0.477423275390625 0.2897128177646752 0.47451386493622605 0.28414320838967516 0.654510720404976 0.37816860546875003 0.657420130859375
14 0.5506610625000001 0.4768993652343751 0.45274776264648436 0.4725995452962579 0.44475837397460927 0.6545298167806328 0.5426716738281251 0.6588296367187501
7 0.2553396895929615 0.8054695323044139 0.255021857421875 0.67775206640625 0.12282185142266347 0.6780810536330861 0.12313968359375 0.80579851953125
7 0.7449607396733181 0.7065180984364523 0.6021618261718751 0.703155708984375 0.5990364048579321 0.8358907101572978 0.7418353183593751 0.8392530996093751
1 0.7907843169033302 0.840083047152761 0.756469505383083 0.8368915853782093 0.752208774417253 0.8827032511160735 0.7865235859375002 0.8858947128906253