0 0.19570909442462694 0.3071447475263897 0.14944854687499998 0.13486390625 0.05818737310252992 0.15936919562203825 0.10444792065215688 0.3316500368984279
0 0.33915835325432775 0.26626304566533293 0.29190516601562494 0.08880663867187501 0.19831759196849552 0.11372718808786764 0.24557077920719828 0.2911835950813256
0 0.4854833119419305 0.2198766172606965 0.44094059765624993 0.04029931835937503 0.3440834451985335 0.06432396120033557 0.3886261594842141 0.24390126010165702
0 0.6247248933948747 0.18056769193890068 0.5806402039563114 -0.0040207060321168775 0.4806305647511537 0.019864293966173313 0.524715254189717 0.20445269193719087
15 0.32464193216051684 0.4869483292242338 0.27774019335937505 0.31164155078125 0.18492093679575328 0.33647450114248795 0.231822675596895 0.5117812795854717
15 0.4652784707031249 0.444272529296875 0.4219209003906249 0.266270451171875 0.32747209962216123 0.2892761967417343 0.3708296699346612 0.46727827486673434
15 0.6278872988281249 0.4002428398437499 0.5873350078124999 0.22059184765625006 0.48794003005097397 0.24302809481858234 0.5284923210665989 0.4226790870060822
14 0.442690128835452 0.6794308808670182 0.3977058398437501 0.5049144316406249 0.3049695293676731 0.5288186367111067 0.349953818359375 0.7033350859375
14 0.6002327979674033 0.6374500356446454 0.558591453125 0.46019933789062495 0.46165072547009667 0.48297353466785464 0.5032920703124999 0.6602242324218751
7 0.8128962246093749 0.7584948769531252 0.7827660323062432 0.6243711868112345 0.6420522704196939 0.6559818045988423 0.6721824627228257 0.7901054947407329
7 0.3413770034901302 0.8522796248804476 0.30830531640625 0.7300682949218751 0.17926287736924473 0.7649885528539276 0.212334564453125 0.8871998828125002
19 0.42211820251664295 0.9080148208736601 0.3932867324218751 0.8960678945312501 0.37330216271773237 0.9442965775638401 0.4021336328125002 0.9562435039062501
5 0.44580409429170265 0.5833918795880684 0.41996579506476917 0.5736935411385589 0.4059513218668166 0.6110308803004906 0.4317896210937501 0.62072921875
18 0.9011838554687501 0.88066882421875 0.893819948098675 0.8262844527454394 0.858593808253743 0.8310542427383364 0.8659577156238181 0.885438614211647