15 0.34682432421875 0.252178412109375 0.25087416071522545 0.24711322385550044 0.24130759171157762 0.42833331165097516 0.33725775521510215 0.43339849990484974
15 0.49796876757812497 0.253582220703125 0.4010334540922478 0.2462756991384546 0.38726328417037276 0.4289639628103296 0.48419859765624995 0.43627048437500004
14 0.5650756894531251 0.4861504667968752 0.4667133157067281 0.48205620358120327 0.4589122109375002 0.6694733632812501 0.5572745846838972 0.6735676264969219
7 0.7335836791887503 0.7097713702400199 0.5876306992187501 0.6923124843750001 0.5717497036237499 0.8250746004631055 0.7177026835937501 0.8425334863281252
7 0.2465925078125001 0.6595710371093751 0.11294317707640078 0.6530319969370921 0.10675620950577853 0.7794854294461196 0.24040554024187788 0.7860244696184027
0 0.27954664062500006 0.04338459179687504 0.1853500469270999 0.03838341733038702 0.17577739843750007 0.21868324218750002 0.26997399213540024 0.22368441665398806
0 0.4289407324218751 0.046673171875000065 0.3312447635028799 0.03849311906259583 0.315963185546875 0.22100399023437506 0.4136591544658702 0.2291840430467793
0 0.5852267207031249 0.043444597656250056 0.484955985339883 0.036273243593848634 0.471389537109375 0.22596095507812503 0.5716602724726169 0.23313230914052646
0 0.7317667617187499 0.0443635332031251 0.6301104706408133 0.0357693962167486 0.6139006472837942 0.22750831358742019 0.7155569383617308 0.23610245057379667
15 0.6672073300781252 0.2599899765625001 0.5663767663771826 0.2519343164102502 0.55149766796875 0.4381720488281251 0.6523282316696926 0.44622770898037506
14 0.39965922656250014 0.47290197656250005 0.30084729858743225 0.46762693502354263 0.2911786484375001 0.648739814453125 0.38999057641256796 0.6540148559920824
18 0.2261938329151874 0.21392332223904592 0.18811952343750005 0.19722244921875007 0.17349131552231264 0.23057153908907918 0.211565625 0.24727241210937503