0 0.2175348943142035 0.27639416935150735 0.18953601953124996 0.10022155468749999 0.09621328378316427 0.11505321054727503 0.12421215856611781 0.2912258252112824
0 0.36447162583986853 0.250730950371895 0.33602654296875 0.06930736523437502 0.24034674353575744 0.08430883167491783 0.26879182640687593 0.26573241681243787
0 0.5148437028417796 0.2198937551705813 0.4893159375 0.03664421679687499 0.39047811872262994 0.050412920756699356 0.4160058840644095 0.23366245913040565
0 0.6574314060340177 0.1953548753563047 0.6327372539062499 0.006052617187499998 0.5307788162974846 0.019352919008385927 0.5554729684252524 0.20865517717719062
15 0.3269668329639601 0.46868991952550293 0.298646576171875 0.289440921875 0.20374004157273506 0.30443557995579523 0.2320602983648202 0.4836845776062982
15 0.47129378515625 0.4409484218750001 0.446780017578125 0.259389357421875 0.3504438629695251 0.2723964860417476 0.3749576305476501 0.4539555504948727
15 0.637614181640625 0.4141571816406251 0.616062681640625 0.23125146875000002 0.5148669742161386 0.24317520395811223 0.5364184742161386 0.42608091684873733
14 0.42424844361966796 0.6724574262049982 0.39775251953125007 0.4941948593750002 0.3030255583334572 0.5082745308262522 0.32952148242187507 0.6865370976562502
14 0.5921097356247633 0.6578667017277159 0.5607741484375 0.47292311523437497 0.4637099831252366 0.489369009209784 0.49504557031249996 0.674312595703125
7 0.78416207421875 0.789785375 0.7682166816754676 0.6532469675821653 0.624969555026093 0.6699758258449664 0.6409149475693753 0.8065142332628013
7 0.3054227075950048 0.8337691827110945 0.28530675390625 0.7087704062500001 0.15332106193624517 0.7300107586951559 0.17343701562500002 0.8550095351562502
5 0.4373841599437244 0.5772700362216345 0.4127011581423518 0.564923987615622 0.3948606427298773 0.6005918752221125 0.4195436445312499 0.6129379238281251
18 0.8591954023437499 0.9205186132812501 0.857556544589013 0.865662425123662 0.8220248025865139 0.866723954786511 0.8236636603412508 0.9215801429440991
21 0.5699806918617502 0.9840793307617632 0.5421606796875 0.952805935546875 0.5147061486544996 0.9772287838602168 0.5425261608287497 1.008502179075105
6 0.7224928527489374 0.670843355898542 0.6904825416803864 0.6634121667317697 0.6810683803376991 0.7039642541926028 0.7130786914062501 0.7113954433593751
19 0.3700205672269329 0.9374700208287201 0.35693014643610316 0.8940666848158593 0.32895092686542027 0.9025052010965141 0.34204134765625 0.945908537109375
17 0.4002709581296737 0.917605419581352 0.38651776587221875 0.874226232989802 0.3550179673952991 0.8842131142239594 0.3687711596527541 0.9275923008155095
5 0.2059377447603656 0.2550352508124093 0.166588490234375 0.22883869140625002 0.14905424352088442 0.2551764835625907 0.18840349804687503 0.28137304296875004
2 0.28894264127645014 0.6809449754125745 0.26788118945312506 0.65370596484375 0.23454735091104995 0.6794799933374255 0.25560880273437503 0.70671900390625
18 0.32939685208652064 0.5218990541253572 0.2976462202110854 0.5055294453709648 0.27855729358231107 0.5425544892422658 0.3103079254577463 0.5589240979966581
2 0.3925865392454968 0.23532054160034502 0.39186124777377734 0.18969167865686232 0.35532564635276737 0.1902724286123811 0.3560509378244868 0.2359012915558638