0 0.298572205078125 0.03061172851562503 0.2040525083655489 0.023152705819620343 0.18969976953125 0.20502861328125 0.2842194662438261 0.2124876359772547
0 0.4583775527343751 0.04758925781250006 0.36168200733957695 0.03601055182356312 0.33959805468750004 0.22043701953125006 0.43629360008229817 0.23201572552018698
0 0.6048721894531252 0.04995932226562508 0.5081878338133364 0.03752351477836227 0.4838654414180108 0.22662219926417032 0.5805497970577995 0.23905800675143313
0 0.7660832675781251 0.06299339062500012 0.6637176252084933 0.04805390557502539 0.6356684414062501 0.24024745898437508 0.7380340837758819 0.2551869440343498
15 0.34010476757812513 0.25176588671875 0.2464087097703093 0.2409912906288049 0.22545741015625004 0.423184123046875 0.31915346796406585 0.43395871913682016
15 0.49630280468749993 0.261922916015625 0.40010068819940864 0.2479299309368507 0.3737394245275336 0.4291642668743507 0.4699415410156249 0.44315725195312505
15 0.6573530996093752 0.2759721074218751 0.5579157505321675 0.2658206542582329 0.53901378125 0.4509726406250001 0.6384511303272077 0.4611240937886422
14 0.3842026738281251 0.47645093359375007 0.28921080350316025 0.46434665115021223 0.2665497929687501 0.642185509765625 0.36154166329371495 0.654289792209163
14 0.5526372832031251 0.48333747656250003 0.45559157638243786 0.4700559312907542 0.4307549123199379 0.651532677384504 0.5278006191406251 0.6648142226562499
7 0.23882500781250005 0.6544606367187501 0.10690696120901831 0.6399584031008867 0.09307858984375009 0.7657467324218749 0.2249966364472318 0.7802489660397383
7 0.7222562902670726 0.7340855372609196 0.5806446465649044 0.7158912044895074 0.5637163797353317 0.8476486984785879 0.7053280234375 0.8658430312500002
6 0.7709022956204947 0.6371940726790682 0.758207017578125 0.5961025097656248 0.7281586750826303 0.6053859741959314 0.740853953125 0.6464775371093748
10 0.5481674230504352 0.3919665924582595 0.531676810546875 0.3591883867187501 0.5064198054651898 0.37189510676049053 0.52291041796875 0.40467331249999994
17 0.5064819037623459 0.39147092006869744 0.4809440600556606 0.3823672830512525 0.46787747074643965 0.4190221403263051 0.493415314453125 0.42812577734375
18 0.22938191810635034 0.6894221804735926 0.195849212465164 0.6841111215654452 0.1894116443296708 0.724756326423071 0.22294434997085713 0.7300673853312184
13 0.28284425233261346 0.695843077285034 0.24856840577868264 0.6921571402567575 0.24323318607399302 0.7417698087658976 0.27750903262792387 0.7454557457941742