0 0.24035728915233645 0.24982569526860773 0.22608055468750002 0.06687222265624998 0.13155659951953858 0.07424837895014225 0.145833333984375 0.2572018515625
0 0.3945656124411018 0.23539451338260825 0.38425902734374995 0.05041111132812501 0.28824802789636833 0.055760486056322445 0.29855461299372016 0.2407438881108057
0 0.5389414675061248 0.2269225930317529 0.5300923613281251 0.036008333984375 0.43173700515012514 0.040567223374497086 0.440586111328125 0.231481482421875
0 0.6930610237962029 0.21685629243359347 0.68672847265625 0.02160462890625 0.5847167535475472 0.024913150925781512 0.5910493046875 0.220164814453125
15 0.31190626934146076 0.4594679680529835 0.30324097265625005 0.278806482421875 0.20882860905979253 0.2833349027349117 0.2174939057450033 0.4639963883660202
15 0.459876388671875 0.4444444453125 0.4561098836325718 0.26645918276796543 0.35888766097632185 0.26851658901796543 0.36265416601562506 0.4465018515625
15 0.622685416015625 0.435185185546875 0.6189082074108049 0.2510270392284497 0.518599180067055 0.2530844454784497 0.5223763886718751 0.437242591796875
14 0.3867464863987312 0.6671491853334434 0.3780861113281249 0.48765462890625 0.2814632362575187 0.4923165549009316 0.290123611328125 0.671811111328125
14 0.5509256953125001 0.656378703125 0.5493826386718751 0.4742796289062499 0.45137849185363654 0.47511008864474924 0.4529215484942616 0.6572091628634994
7 0.2716620279847321 0.8178554275848714 0.264660416015625 0.69032962890625 0.13265880404651798 0.6975769786651288 0.13966041601562504 0.8251027773437501
7 0.7592590273437498 0.826131482421875 0.7554003893662569 0.6933813607608027 0.6126541660156248 0.6975305546874999 0.6165128039931178 0.8302806763485722
1 0.808184380276892 0.8243985005910618 0.7737495679497286 0.8230073096612731 0.7718922716572117 0.8689791801639615 0.8063270839843751 0.8703703710937502
18 0.2626850950270839 0.44440812262496254 0.22933810672461286 0.4428451132759354 0.2272826591210158 0.4866983296601847 0.2606296474234869 0.48826133900921187
10 0.5305866545701818 0.7445330842083286 0.5040337866291172 0.7375044150937902 0.49196588205893554 0.7830944793229616 0.5185187500000001 0.7901231484375001
3 0.858549639858771 0.3752735811240804 0.8379631953124997 0.343621296875 0.7996295281099788 0.3685532704384196 0.8202159726562499 0.4002055546875
13 0.38246562453598854 0.4143029064733803 0.350986595173057 0.3814557973853301 0.3252229441797754 0.4061463941723965 0.3567019735427069 0.4389935032604467
5 0.5126081674138445 0.6299394279645092 0.48679967642893557 0.6260680379540567 0.47997197002207936 0.6715847125265479 0.5057804610069884 0.6754561025370003
13 0.31611042441535586 0.38240983370941223 0.28163611132812505 0.37551481445312507 0.27394970175613775 0.4139459892260968 0.30842401484336857 0.420841008482384